0 0.49115797877311707 1.0641475915908813
1 0.5322228074073792 1.0096410512924194
2 0.6891252398490906 1.066555142402649
3 0.46041110157966614 1.056887149810791
4 0.6176578402519226 0.978303074836731
5 0.5522903203964233 0.9578909277915955
6 0.42654159665107727 1.109389066696167
7 0.5504329204559326 1.0234140157699585
8 0.4931168854236603 0.9868946075439453
9 0.5171657204627991 0.9486026763916016
10 0.3822038471698761 0.9830920696258545
11 0.3855917751789093 0.8994067907333374
12 0.40704673528671265 0.8551201820373535
13 0.47188103199005127 0.778353214263916
14 0.3629450500011444 0.8503958582878113
15 0.38476142287254333 0.7982441782951355
16 1.8025610446929932 0.6305175423622131
17 1.9173812866210938 0.6381161212921143
18 2.043668508529663 0.6250016093254089
19 2.2833597660064697 0.5986452102661133
20 2.1823842525482178 0.5565636157989502
21 2.4920949935913086 0.5241305232048035
22 2.454779863357544 0.5622665882110596
23 2.6571900844573975 0.5563970804214478
24 2.641944169998169 0.5889931321144104
25 2.5959713459014893 0.5253326892852783
26 2.5010695457458496 0.5753257274627686
27 2.6613781452178955 0.5486651659011841
28 2.709352731704712 0.599611759185791
29 2.5864076614379883 0.5794309973716736
116 -0.4759548008441925 1.8810231685638428
117 -0.547016441822052 1.9898135662078857
118 -0.633857786655426 2.063408613204956
119 -0.7107146978378296 2.1712913513183594
30 -0.6988322138786316 2.2120919227600098
31 -0.9006137251853943 2.395839214324951
32 -0.9932079315185547 2.512636423110962
33 -0.9611489176750183 2.5603342056274414
34 -0.9882659912109375 2.632554769515991
35 -0.9360547661781311 2.398742437362671
36 -0.9860344529151917 2.6296136379241943
37 -0.9991469979286194 2.5664849281311035
38 -0.8890340924263 2.3750133514404297
39 -1.0514847040176392 2.7341418266296387
