0 -0.06442879140377045 -0.15787148475646973
1 0.0997733324766159 -0.08052515983581543
2 0.26514095067977905 0.5978677272796631
3 -0.055907849222421646 -0.05681760609149933
4 0.4330595135688782 -0.15682421624660492
5 0.4719740152359009 0.061939116567373276
6 0.2589145004749298 0.44072026014328003
7 0.05644413083791733 -0.15124133229255676
8 0.8127383589744568 0.028504056856036186
9 0.7730780839920044 0.6974692344665527
10 0.48116299510002136 0.21548011898994446
11 0.22340081632137299 0.42900970578193665
12 0.043921392410993576 -0.227847620844841
13 0.2736521363258362 0.5493420362472534
14 0.13055163621902466 0.37197044491767883
15 0.0022001031320542097 -0.08262960612773895
16 0.36747318506240845 0.7458454966545105
17 0.6063786745071411 0.05177963897585869
18 0.31979086995124817 0.4133427143096924
19 0.4770253598690033 0.6527737975120544
20 0.22559328377246857 0.7229970097541809
21 -0.08465727418661118 0.20791782438755035
22 0.6915789842605591 -0.15173299610614777
23 0.46740859746932983 -0.08977248519659042
24 0.5912702083587646 0.4131210744380951
25 0.47289836406707764 0.22601936757564545
26 0.39713186025619507 -0.12500536441802979
27 -0.08767955005168915 0.7448446750640869
28 0.1604333519935608 0.01280088908970356
29 0.007127046585083008 0.24219274520874023
116 0.38675087690353394 0.6981678009033203
117 0.7341135144233704 -0.033199187368154526
118 0.3224344551563263 -0.10550329834222794
119 0.1853974163532257 0.14933976531028748
30 0.4685169458389282 0.2732539176940918
31 0.14410988986492157 0.176719069480896
32 0.6483290791511536 -0.2252078801393509
33 0.5688623189926147 0.0923132672905922
34 0.6962001919746399 0.7045639753341675
35 -0.11406505852937698 0.17697346210479736
36 0.15701887011528015 0.46151891350746155
37 0.6685068607330322 0.2464822381734848
38 0.8372846841812134 -0.16017797589302063
39 0.17656195163726807 0.22925841808319092
