0 0.8884355425834656 0.740371823310852
1 0.9051012992858887 0.6257601380348206
2 0.9157611727714539 0.6918794512748718
3 0.8878583908081055 0.7225582003593445
4 0.922256350517273 0.655082643032074
5 0.8809931874275208 0.6814606785774231
6 0.8369195461273193 0.6939541101455688
7 0.9045720100402832 0.632855236530304
8 0.8413466215133667 0.7126549482345581
9 0.8186025023460388 0.7125416398048401
10 0.8114866614341736 0.636965274810791
11 0.8031362891197205 0.6603190302848816
12 0.8091344833374023 0.6131289601325989
13 0.7888914346694946 0.5986679196357727
14 0.7873517870903015 0.6014847159385681
15 0.7518808245658875 0.6126116514205933
16 1.7619444131851196 -0.01226536463946104
17 1.9326324462890625 -0.07421338558197021
18 2.0363106727600098 -0.13166429102420807
19 2.248011350631714 -0.1912204623222351
20 2.3101158142089844 -0.2345350831747055
21 2.4507431983947754 -0.32016652822494507
22 2.5185694694519043 -0.29526007175445557
23 2.6127192974090576 -0.3530765473842621
24 2.571331739425659 -0.3035898208618164
25 2.6534082889556885 -0.34640568494796753
26 2.6181089878082275 -0.36218079924583435
27 2.637824535369873 -0.36631080508232117
28 2.739894390106201 -0.3872162103652954
29 2.95487380027771 -0.4410911202430725
116 0.47270622849464417 1.7415580749511719
117 0.4452684819698334 1.828649878501892
118 0.41933131217956543 1.9895100593566895
119 0.38182467222213745 2.1539015769958496
30 0.3878844380378723 2.201591968536377
31 0.3465260863304138 2.5129313468933105
32 0.3195721507072449 2.4775800704956055
33 0.3322036564350128 2.5978569984436035
34 0.3568536341190338 2.5356760025024414
35 0.36568179726600647 2.489716053009033
36 0.3705657422542572 2.5957038402557373
37 0.3578816056251526 2.571946859359741
38 0.33092013001441956 2.8126132488250732
39 0.3740677237510681 2.8505029678344727
