0 0.0 2.0423800945281982
1 0.0 1.9493986368179321
2 0.0 1.9294613599777222
3 0.0 1.9063690900802612
4 0.0 1.6240274906158447
5 0.0 1.4161722660064697
6 0.0 1.0949783325195312
7 0.0 0.7995054721832275
8 0.0737445056438446 0.4085747003555298
9 0.3263470530509949 0.0
10 0.46500343084335327 0.0
11 0.3420795798301697 0.0
12 0.4396545886993408 0.0
13 0.32810476422309875 0.0
14 0.5033561587333679 0.0
15 0.42758244276046753 0.0
16 0.4567301869392395 0.0
17 0.0 0.0
18 0.433642715215683 0.0
19 0.35373079776763916 0.0
20 0.35135596990585327 0.0
21 0.33515414595603943 0.0
22 0.33043569326400757 0.0
23 0.3331780731678009 0.0
24 0.3432598412036896 0.0
25 0.3139263689517975 0.0
26 0.2943957448005676 0.0
27 0.3078301250934601 0.0
28 0.2832684814929962 0.0
29 0.2470218688249588 0.0
116 0.20929250121116638 0.0
117 0.44726935029029846 0.0
118 0.23199287056922913 0.0
119 0.30812695622444153 0.0
30 0.2577615976333618 0.0
31 0.2562023103237152 0.0
32 0.2551669478416443 0.0
33 0.2547132074832916 0.0
34 0.2512209415435791 0.0
35 0.24963164329528809 0.0
36 0.24854445457458496 0.0
37 0.2471059262752533 0.0
38 0.247073695063591 0.0
39 0.2470218688249588 0.0
