0 0.6518508195877075 -0.4881660044193268
1 0.616875171661377 -0.4039594531059265
2 0.63520348072052 -0.4157606065273285
3 0.6341016292572021 -0.37444519996643066
4 0.5701898336410522 -0.1774800717830658
5 0.5482333302497864 -0.08954403549432755
6 0.5752662420272827 0.11896994709968567
7 0.6823301315307617 0.4735223054885864
8 0.7468357682228088 0.6933245658874512
9 0.8304049372673035 0.8174606561660767
10 0.8460007309913635 0.8817163109779358
11 0.9000145196914673 0.9706735014915466
12 0.9094207882881165 0.9048804640769958
13 0.9754233956336975 1.1456060409545898
14 0.9987921118736267 1.1287364959716797
15 0.7690945863723755 0.5586252212524414
16 1.2038278579711914 1.4870140552520752
17 1.4221251010894775 1.741575002670288
18 1.635830283164978 2.1648221015930176
19 2.5205109119415283 3.134902238845825
20 2.0906317234039307 -2.2722854614257812
21 2.0558457374572754 -2.2046046257019043
22 2.1328530311584473 -2.2442362308502197
23 1.973222017288208 -1.989943027496338
24 1.7441836595535278 -1.6853675842285156
25 1.4578819274902344 -1.2681316137313843
26 1.1497684717178345 -0.6133769750595093
27 0.9843101501464844 0.02442224696278572
28 1.1950087547302246 1.4438421726226807
29 1.5289980173110962 1.6771260499954224
116 1.1606701612472534 1.499684453010559
117 1.3658157587051392 1.6921132802963257
118 1.8161712884902954 2.412705659866333
119 2.5045480728149414 3.1176445484161377
30 2.1436755657196045 -2.3720972537994385
31 2.206214427947998 -2.365251302719116
32 2.1268155574798584 -2.254117250442505
33 1.9727764129638672 -2.054917097091675
34 1.8523077964782715 -1.7941712141036987
35 1.5063649415969849 -1.2550694942474365
36 1.1473397016525269 -0.6260582208633423
37 0.9602540135383606 -0.009174804203212261
38 1.0994768142700195 1.2494674921035767
39 1.5710103511810303 1.7060484886169434
