252 0.3883831202983856 -0.9063165783882141
36 0.17107129096984863 -0.9347389340400696
57 0.030674181878566742 -1.066322922706604
50 0.6504333019256592 -0.8076175451278687
43 0.7322865724563599 -0.7735912799835205
3 0.2753143310546875 -0.8341712951660156
90 0.21573354303836823 -1.063552737236023
42 0.5281123518943787 -0.8308878540992737
143 0.8642316460609436 -0.7500601410865784
147 0.8735126852989197 -0.7258962392807007
33 0.5123825669288635 -0.8021378517150879
204 1.0054484605789185 -0.7667962312698364
22 0.15204031765460968 -0.8667208552360535
133 0.47611960768699646 -0.8676948547363281
30 0.7396051287651062 -0.7496171593666077
9 0.14497600495815277 -0.9165698289871216
0 0.2150852531194687 -0.8746229410171509
85 0.4994165003299713 -0.7935396432876587
184 0.26471081376075745 -0.8847630023956299
26 0.47330012917518616 -0.8214102387428284
355 -1.809569239616394 -2.1347482204437256
19 -0.057253748178482056 -0.9575021266937256
63 0.49447453022003174 -0.8400230407714844
52 -0.15488067269325256 -1.0747511386871338
17 0.5498362183570862 -0.8461046814918518
146 0.675475537776947 -0.8344285488128662
113 0.34042319655418396 -0.8038641810417175
37 0.029719533398747444 -1.0170363187789917
156 0.6400483846664429 -0.8068276643753052
119 0.6899466514587402 -0.7772029638290405
341 0.7724766731262207 -0.8239187598228455
61 0.4277969300746918 -0.8747296333312988
65 0.48879221081733704 -0.8734244108200073
11 0.20591753721237183 -0.8716171383857727
179 0.11899907886981964 -1.0125017166137695
155 0.42406025528907776 -0.8404370546340942
38 0.5007001757621765 -0.8219898343086243
216 -0.041005689650774 -0.8925724625587463
56 -0.08684238791465759 -1.076553463935852
131 1.132617712020874 -0.57113116979599
49 0.7823992371559143 -0.7269848585128784
192 0.9494625926017761 -0.7550852298736572
141 -0.06377041339874268 -1.2261230945587158
88 -0.0012043130118399858 -1.1402738094329834
94 0.7994663119316101 -0.7864758968353271
18 0.5417002439498901 -0.7698746919631958
107 0.8807606101036072 -0.7645866274833679
79 0.7210940718650818 -0.8181015253067017
292 1.1774556636810303 -0.6730546951293945
40 -0.6061699986457825 -1.2731988430023193
4 0.22033095359802246 -0.8471760749816895
154 0.8455501198768616 -0.800983190536499
20 0.5205554962158203 -0.7538628578186035
46 0.48610904812812805 -0.8932318687438965
103 1.0433863401412964 -0.7148493528366089
27 0.4571509063243866 -0.7603105902671814
130 0.1720830500125885 -0.8443368673324585
13 0.4058746099472046 -0.7884945273399353
7 0.3042338788509369 -0.8324752449989319
83 0.4749879837036133 -0.8816671967506409
23 0.3215653896331787 -0.825798749923706
69 0.7880187630653381 -0.7868944406509399
73 1.0157266855239868 -0.7529757022857666
45 0.2486855834722519 -0.971171498298645
173 1.5080772638320923 -0.6158967614173889
122 1.008575201034546 -0.7548157572746277
106 1.1441969871520996 -0.6617913246154785
47 0.33007872104644775 -0.9544407725334167
96 0.29505664110183716 -0.9995203614234924
25 0.2775871157646179 -0.8758384585380554
82 0.8559994101524353 -0.7132906913757324
196 0.7908902168273926 -0.7738257050514221
60 0.624908983707428 -0.7805872559547424
67 1.4218875169754028 -0.5323905944824219
125 -0.07853152602910995 -1.232954502105713
99 0.47573405504226685 -0.9271842837333679
54 0.5027809739112854 -0.8526280522346497
58 0.35716986656188965 -0.9067563414573669
44 0.4897204637527466 -0.8349961638450623
138 1.1237176656723022 -0.7365530729293823
68 0.07788138091564178 -0.9919247627258301
266 0.4675089120864868 -0.7851728796958923
105 1.2468565702438354 -0.622836709022522
15 0.48257070779800415 -0.7827399969100952
34 0.16869620978832245 -0.9344280362129211
21 0.36510923504829407 -0.8202600479125977
162 1.124300241470337 -0.560585081577301
111 0.003716101637110114 -0.9661794900894165
280 -0.2411791831254959 -1.3033455610275269
158 0.1465223729610443 -0.8694570064544678
87 0.5573894381523132 -0.8550024032592773
24 0.3918323218822479 -0.8310849666595459
77 -1.6973261833190918 -2.0262467861175537
161 -0.4693033695220947 -1.056026577949524
53 0.12056823074817657 -0.9494820833206177
110 0.44776615500450134 -0.8764302730560303
114 -0.11726853251457214 -1.166128158569336
41 0.659166157245636 -0.7682473063468933
6 0.2524491548538208 -0.8337256908416748
66 0.5045464634895325 -0.8594322800636292
55 0.6288650035858154 -0.7957572340965271
142 0.9201032519340515 -0.7682031989097595
115 0.6907569766044617 -0.7572325468063354
270 -0.3127986192703247 -1.2232352495193481
213 1.2292622327804565 -0.7160730361938477
75 -0.4142322540283203 -1.2340137958526611
51 -0.07336866110563278 -1.0013433694839478
364 -1.873658537864685 -2.22214674949646
101 -1.530950665473938 -1.929498314857483
165 -0.3001493215560913 -1.1510639190673828
279 -0.14399485290050507 -1.25826096534729
12 0.29406556487083435 -0.8825452923774719
84 0.6624635457992554 -0.800881564617157
70 1.931594967842102 -0.4190945029258728
198 0.7323254942893982 -0.8059793710708618
74 0.43340685963630676 -0.9236562848091125
168 0.5357407927513123 -0.8262162208557129
247 0.9343526363372803 -0.726672887802124
182 0.6403099298477173 -0.7363359332084656
126 0.7758767604827881 -0.6839640140533447
340 1.3871850967407227 -0.7465789318084717
339 1.9118705987930298 -0.730127215385437
197 0.6242383122444153 -0.8036413788795471
163 0.6340520977973938 -0.7620055675506592
183 0.4578579366207123 -0.9396263360977173
352 0.1135445237159729 -0.6513684988021851
16 0.3420300781726837 -0.8420031070709229
116 0.9263902306556702 -0.7844866514205933
244 0.8015499114990234 -0.767776608467102
102 0.19143664836883545 -0.9345818161964417
391 0.9823662638664246 -0.7306607961654663
135 0.7193276286125183 -0.772347629070282
139 0.1451272815465927 -1.0002014636993408
35 0.33424997329711914 -0.8960594534873962
72 1.0526602268218994 -0.6862578988075256
78 -1.277716875076294 -1.7484885454177856
172 1.4161427021026611 -0.5612763166427612
134 0.6613198518753052 -0.7780291438102722
117 0.7374200224876404 -0.8662365078926086
120 1.2862211465835571 -0.6712837219238281
91 0.2811826765537262 -0.9594720005989075
8 0.2085190862417221 -0.86806321144104
108 0.755273699760437 -0.7310042381286621
80 0.9953462481498718 -0.7009800672531128
29 0.08049068599939346 -0.9685207009315491
214 0.6784853935241699 -0.6123676300048828
274 0.244584321975708 -1.0014817714691162
32 0.6156752109527588 -0.7430055141448975
132 0.9634457230567932 -0.713660717010498
136 0.9372631907463074 -0.7743017673492432
14 0.42287084460258484 -0.8213082551956177
5 0.22190913558006287 -0.8814354538917542
189 0.3383215367794037 -0.9737274646759033
317 3.358424186706543 -0.5344618558883667
221 2.570446014404297 -0.4349030554294586
64 0.5215121507644653 -0.8845701813697815
212 0.07194174826145172 -1.1164215803146362
100 -0.8253538012504578 -1.5578432083129883
178 0.4864870011806488 -0.9395471215248108
259 -0.138302281498909 -1.1462172269821167
237 0.2109193205833435 -0.94780033826828
121 0.9158930778503418 -0.763102114200592
174 1.3532754182815552 -0.6068165898323059
201 0.5419281125068665 -0.9426524639129639
330 2.4690020084381104 -0.3778078258037567
314 2.6978633403778076 -0.43519991636276245
140 0.41456151008605957 -0.8411661386489868
159 0.9162798523902893 -0.7497866749763489
98 0.9345787763595581 -0.7102747559547424
253 0.9070318341255188 -0.7366374135017395
92 -0.1762567162513733 -1.2627900838851929
200 0.8239237666130066 -0.794472873210907
239 0.6202604174613953 -0.7106399536132812
39 0.08285514265298843 -0.9171570539474487
157 -0.01249917782843113 -0.8204920291900635
129 0.04931258782744408 -0.8871772289276123
380 -1.2640938758850098 -1.6380329132080078
194 0.608927309513092 -0.9196532368659973
112 1.0906671285629272 -0.6891272664070129
284 -0.07454350590705872 -1.2465388774871826
89 -0.057514213025569916 -1.2108018398284912
86 0.5052137970924377 -0.8076609969139099
193 0.6365242600440979 -0.8774552941322327
327 2.3459227085113525 -0.41451743245124817
170 2.10433292388916 -0.39506322145462036
169 1.2159028053283691 -0.5538802146911621
175 1.499964952468872 -0.5444803237915039
151 1.5163052082061768 -0.5259881019592285
377 -1.7010233402252197 -2.208772897720337
231 0.15928223729133606 -0.9498311877250671
305 0.7590384483337402 -0.9309951663017273
153 0.8611330986022949 -0.734830379486084
104 1.2435072660446167 -0.6343932747840881
177 0.7382197976112366 -0.7930917739868164
81 0.9927248358726501 -0.816501796245575
210 1.272408366203308 -0.6973894834518433
31 0.45783331990242004 -0.8716174960136414
243 0.8808289170265198 -0.7704036831855774
185 0.6718525290489197 -0.8836851716041565
191 0.009678027592599392 -0.9531316757202148
208 2.105417013168335 -0.48803356289863586
228 -0.09063544869422913 -1.1138408184051514
109 0.45177483558654785 -0.8305052518844604
28 0.3658597767353058 -0.8894257545471191
10 0.10889529436826706 -0.876297116279602
62 0.5211646556854248 -0.8202089071273804
354 -1.9761234521865845 -2.3335189819335938
245 0.4597291648387909 -0.8621888160705566
150 0.4859798848628998 -0.7391718626022339
187 0.44366568326950073 -0.9353115558624268
356 -1.742324948310852 -2.214690923690796
333 1.0918723344802856 -0.6178677082061768
171 2.0770366191864014 -0.4113381505012512
265 -0.1542968600988388 -1.1438263654708862
148 0.8298395872116089 -0.7764233350753784
322 3.3588192462921143 -0.5126351118087769
303 0.3503683805465698 -1.0508102178573608
167 0.4364575445652008 -0.9584283828735352
273 0.6991873383522034 -0.8015953302383423
268 -0.026669900864362717 -1.0005662441253662
376 -1.210601806640625 -1.6671257019042969
59 0.40949195623397827 -0.8506008982658386
206 0.5036225318908691 -0.879092276096344
230 -0.18879979848861694 -0.9673159718513489
149 0.9122838973999023 -0.6283307671546936
286 0.16911470890045166 -0.9629279971122742
195 1.498156189918518 -0.5659435987472534
181 0.21934403479099274 -0.9012989401817322
71 1.3790568113327026 -0.6090545654296875
271 -0.43602702021598816 -1.4781162738800049
309 0.7083155512809753 -0.7455607652664185
190 0.7805440425872803 -0.6975324153900146
298 0.754700243473053 -0.6614697575569153
95 0.9603537917137146 -0.7439298629760742
118 0.4940946400165558 -0.9046507477760315
306 0.2764069437980652 -1.0869373083114624
211 1.0919835567474365 -0.6673222184181213
291 -1.2704566717147827 -1.7578636407852173
48 0.020124580711126328 -0.46397119760513306
2 0.2632300555706024 -0.8611102104187012
262 -0.4412328600883484 -1.228855013847351
205 0.6419326663017273 -0.9095445871353149
346 -1.166115641593933 -1.7579325437545776
312 2.4206817150115967 -0.35679537057876587
275 -0.03964674100279808 -1.1461793184280396
316 2.9403574466705322 -0.4273170530796051
344 -0.38437721133232117 -1.3124150037765503
222 1.7966408729553223 -0.510063648223877
207 0.9393312931060791 -0.7533239722251892
310 0.778621256351471 -0.673524022102356
248 0.6810901761054993 -0.8395165205001831
186 0.7952200174331665 -0.8411064147949219
334 1.6611162424087524 -0.5460355281829834
392 0.8485980033874512 -0.6579807996749878
188 0.27921169996261597 -0.9577199220657349
287 0.6243390440940857 -1.0271893739700317
1 0.2317008376121521 -0.8769976496696472
336 0.8642003536224365 -0.754912257194519
236 0.2862362265586853 -0.773689329624176
387 -1.6340700387954712 -2.031858205795288
246 0.6933501958847046 -0.8824500441551208
325 1.3394811153411865 -0.47339075803756714
299 0.34095272421836853 -0.9901432991027832
370 -1.685011386871338 -2.145967483520508
76 0.47425025701522827 -0.8056724071502686
318 3.2113866806030273 -0.5239874124526978
240 0.3534605801105499 -0.842137336730957
307 0.3458384573459625 -1.054623007774353
374 -1.8820003271102905 -2.26999831199646
383 -1.6575082540512085 -2.098815679550171
227 0.42840349674224854 -0.8003466725349426
249 0.3429048955440521 -0.936022162437439
282 -0.10502835363149643 -1.1790266036987305
215 2.260732650756836 -0.362795889377594
389 -1.6970890760421753 -2.1529133319854736
137 0.09679556638002396 -0.9167647957801819
145 -0.06540630012750626 -0.946965217590332
202 0.3502178490161896 -0.8789181709289551
97 0.17745663225650787 -0.9566490650177002
311 0.7773550152778625 -0.6689756512641907
308 1.5627962350845337 -0.39311710000038147
123 -0.14826582372188568 -1.1427195072174072
160 0.4602586328983307 -0.7634735703468323
363 -1.8964605331420898 -2.3304779529571533
235 -0.25471481680870056 -0.9677435755729675
254 1.0042643547058105 -0.730156421661377
390 1.565723180770874 -0.6043297648429871
209 0.7925306558609009 -0.7790172696113586
93 0.4141619801521301 -0.9209160804748535
199 0.7913898229598999 -0.7247864007949829
144 0.06129223480820656 -1.051737904548645
218 -2.6868720054626465 -2.91620135307312
358 -2.452385902404785 -2.8726155757904053
349 -0.8975526094436646 -1.4226435422897339
152 0.9167357683181763 -0.6938780546188354
220 1.299157738685608 -0.5550102591514587
348 -1.2154040336608887 -1.7625705003738403
398 1.6892287731170654 -0.7069891691207886
337 0.9114675521850586 -0.9401866793632507
261 -0.41183072328567505 -1.1936975717544556
386 -1.3859612941741943 -1.672544002532959
301 0.3323248326778412 -0.7776870131492615
277 0.3324434161186218 -0.9378563165664673
366 -1.6577922105789185 -2.0423014163970947
360 -1.7111666202545166 -2.1613011360168457
233 0.5530716180801392 -0.8097386956214905
276 0.7368963360786438 -0.84357088804245
373 -1.510711431503296 -1.9419220685958862
258 -0.5211801528930664 -1.211210012435913
372 -1.6011320352554321 -1.9775537252426147
124 0.19292201101779938 -0.8257204294204712
242 0.450665146112442 -0.8078476190567017
166 1.454848051071167 -0.48128190636634827
328 2.332519292831421 -0.41107800602912903
313 2.67659068107605 -0.43696925044059753
323 3.285205602645874 -0.5142162442207336
255 0.14567497372627258 -0.7959040999412537
224 -0.43956276774406433 -1.1385955810546875
361 -1.987038254737854 -2.3182570934295654
326 2.4537014961242676 -0.4743001163005829
335 1.0921831130981445 -0.6369921565055847
219 -0.45725059509277344 -0.9420681595802307
320 2.8142950534820557 -0.4744490087032318
338 1.738713264465332 -0.7133041620254517
285 -0.075699083507061 -1.2310718297958374
267 0.14104560017585754 -0.879351794719696
347 -0.16306017339229584 -1.179099678993225
394 2.3019299507141113 -0.5466858744621277
234 0.024664349853992462 -0.8960347771644592
345 -1.1279441118240356 -1.6985777616500854
232 0.2229606956243515 -0.9742720723152161
300 0.744869589805603 -0.9171758890151978
294 -0.1732683628797531 -1.1111481189727783
351 -0.0685763731598854 -0.80921471118927
367 -1.700837254524231 -2.0196986198425293
241 0.34047216176986694 -0.7848193645477295
281 0.02433534897863865 -1.1233327388763428
304 0.691636323928833 -0.9550479054450989
382 -1.351698398590088 -1.6243877410888672
257 -0.5446146726608276 -1.316616415977478
229 -0.09129919111728668 -0.9621737599372864
388 -3.060147285461426 -3.659255266189575
365 -2.48808217048645 -2.9039924144744873
128 1.1812840700149536 -0.5326576828956604
278 0.30698180198669434 -0.9194928407669067
350 -1.278663158416748 -1.88947594165802
353 -1.3107343912124634 -1.7470077276229858
324 2.1340601444244385 -0.429718554019928
362 -1.8106454610824585 -2.2332205772399902
302 0.45284441113471985 -1.0210402011871338
164 -0.38655516505241394 -0.8707568049430847
319 2.701251745223999 -0.4473091661930084
272 -0.17729845643043518 -1.3532423973083496
217 -0.3541421592235565 -0.8897615075111389
263 -0.49600234627723694 -1.2768019437789917
381 -1.2620030641555786 -1.600618839263916
283 0.7781392335891724 -0.7350404858589172
342 1.777764081954956 -0.6610738039016724
379 -1.2978194952011108 -1.7412036657333374
378 -1.1330159902572632 -1.4841481447219849
226 -0.4189828932285309 -0.9904282093048096
315 2.8677783012390137 -0.4994087219238281
288 0.3832884430885315 -0.9201291799545288
264 -0.6613092422485352 -1.2398532629013062
332 3.2818403244018555 -0.4872548282146454
256 -0.5455798506736755 -1.3609771728515625
375 -1.4354736804962158 -1.80565345287323
250 0.09210803359746933 -0.9668399691581726
297 -1.3509728908538818 -1.8500574827194214
238 0.48528555035591125 -0.7516503930091858
203 0.25291505455970764 -0.9655531048774719
329 2.3577535152435303 -0.4844215512275696
251 0.40894490480422974 -0.84079509973526
395 1.957083821296692 -0.5449804663658142
384 -1.6504300832748413 -2.0964717864990234
343 -1.1554293632507324 -1.6885581016540527
180 -0.29793068766593933 -0.7274825572967529
290 -1.529890775680542 -1.9002342224121094
368 -2.053205966949463 -2.408027172088623
176 0.21665094792842865 -0.7604286670684814
369 -1.6988850831985474 -1.9795299768447876
127 1.4957163333892822 -0.5757560133934021
295 -1.167553186416626 -1.680617094039917
269 -0.5344475507736206 -1.2362645864486694
225 -0.6797415614128113 -1.4704705476760864
321 3.3252129554748535 -0.5988746881484985
293 -0.005307171028107405 -1.048836588859558
289 -0.5556781888008118 -1.1761081218719482
357 -1.3341161012649536 -1.8995022773742676
223 -0.6452313661575317 -1.5248935222625732
371 -1.8007283210754395 -2.1451973915100098
396 2.598824977874756 -0.5642613172531128
385 -1.2825640439987183 -1.5694069862365723
260 -0.7606780529022217 -1.4453487396240234
359 -2.062997817993164 -2.273876428604126
393 0.1710432767868042 -1.1215267181396484
296 -0.2971562445163727 -1.553956389427185
331 3.0934200286865234 -0.48984965682029724
397 2.3625705242156982 -0.42971599102020264
