252 1.0565297603607178 0.89078289270401
36 2.407186508178711 2.778381824493408
57 2.279066801071167 2.2656893730163574
50 1.4755789041519165 2.3608479499816895
43 2.219088315963745 2.1254677772521973
3 2.1105384826660156 2.174673080444336
90 1.6716248989105225 0.8679491281509399
42 2.2561473846435547 2.44480037689209
143 0.8021956086158752 0.9636338353157043
147 0.8367553353309631 1.4150289297103882
33 1.9262394905090332 2.8707916736602783
204 1.0091204643249512 0.6915342807769775
22 2.731884717941284 3.0916171073913574
133 0.755375325679779 1.4155789613723755
30 1.30424165725708 1.8503623008728027
9 2.5149452686309814 2.6536152362823486
0 0.249761700630188 0.7912276983261108
85 1.9700345993041992 1.860406517982483
184 0.8559805750846863 0.8198016285896301
26 2.652503728866577 2.6285665035247803
355 2.7940330505371094 0.49555954337120056
19 2.4899632930755615 3.0692152976989746
63 1.7438404560089111 2.022448778152466
52 1.5739984512329102 2.1917362213134766
17 2.0824084281921387 1.7771859169006348
146 1.00560462474823 1.1622551679611206
113 1.51413094997406 2.4436452388763428
37 2.9696297645568848 2.0299413204193115
156 0.6244469285011292 1.3993595838546753
119 1.1199065446853638 1.1983153820037842
341 1.036306381225586 0.4536714553833008
61 1.2859147787094116 1.8907206058502197
65 1.2541347742080688 1.685914397239685
11 2.4967195987701416 2.9457266330718994
179 1.278616189956665 0.7546108365058899
155 1.0025936365127563 0.7739946842193604
38 3.055981397628784 2.367070198059082
216 1.1454317569732666 1.0185949802398682
56 1.8721450567245483 2.047837018966675
131 1.1125736236572266 1.3220407962799072
49 1.2879338264465332 2.8832595348358154
192 0.5718259811401367 1.415299892425537
141 0.939087450504303 0.8155443072319031
88 1.3728506565093994 1.6385520696640015
94 1.0518183708190918 1.3005924224853516
18 2.5836594104766846 2.8750131130218506
107 1.1754494905471802 1.5472712516784668
79 0.7919999957084656 1.3621528148651123
292 0.29710853099823 1.1402498483657837
40 2.625288724899292 2.289095163345337
4 2.158846616744995 2.406336784362793
154 0.6261494755744934 1.0635454654693604
20 2.2474677562713623 2.958239793777466
46 2.8243725299835205 2.3493335247039795
103 1.0735777616500854 1.0598316192626953
27 2.755826473236084 2.6681249141693115
130 1.250893235206604 1.4518696069717407
13 2.402677297592163 2.6329855918884277
7 2.3471572399139404 2.7538034915924072
83 1.6233667135238647 0.9926762580871582
23 2.341639995574951 3.434704065322876
69 1.5171818733215332 1.5996108055114746
73 1.6042327880859375 1.290311336517334
45 1.7838839292526245 2.713871717453003
173 1.086501121520996 0.9656730890274048
122 1.0288894176483154 0.9896122217178345
106 1.1806994676589966 1.290437936782837
47 2.045637845993042 2.4926719665527344
96 1.5050290822982788 1.036295771598816
25 2.376826047897339 3.2495524883270264
82 1.018843650817871 1.6971675157546997
196 0.9514622092247009 0.7955273389816284
60 1.4304858446121216 1.9352869987487793
67 1.779268503189087 1.9642547369003296
125 1.0308042764663696 0.6514676213264465
99 1.3110982179641724 0.9709745645523071
54 2.1189963817596436 2.0245001316070557
58 1.2313172817230225 2.263544797897339
44 2.4947078227996826 1.9310238361358643
138 0.645426869392395 0.8787212371826172
68 1.4171631336212158 1.7103246450424194
266 0.594225287437439 1.372230052947998
105 1.0158092975616455 1.4633868932724
15 2.355185031890869 2.9445080757141113
34 2.595806360244751 2.656733274459839
21 2.4091525077819824 3.339980125427246
162 1.3825204372406006 1.0469160079956055
111 1.5653469562530518 2.0164780616760254
280 0.7988751530647278 0.8111315369606018
158 0.4836343824863434 1.8911410570144653
87 1.873039722442627 1.132601261138916
24 2.4077868461608887 2.8556580543518066
77 1.8514385223388672 2.366482973098755
161 1.5173165798187256 2.5001039505004883
53 1.5941486358642578 2.192659854888916
110 1.3600430488586426 0.8341096043586731
114 1.120396614074707 1.407866358757019
41 2.213247776031494 2.2952609062194824
6 2.5170018672943115 2.69449782371521
66 2.0551278591156006 1.7327803373336792
55 1.6647194623947144 2.3476696014404297
142 0.7256165742874146 0.9119789600372314
115 1.6462256908416748 1.8493732213974
270 1.4543607234954834 0.9935095310211182
213 0.6699192523956299 1.1795519590377808
75 0.9599193334579468 2.4187397956848145
51 2.68710994720459 2.440279960632324
364 2.6091558933258057 0.17153944075107574
101 2.318413496017456 1.4761474132537842
165 1.3291707038879395 1.1052486896514893
279 0.5026977062225342 1.1985764503479004
12 2.415055513381958 3.027615785598755
84 1.8344168663024902 1.2658110857009888
70 1.734282374382019 1.5211948156356812
198 0.49899110198020935 1.4082096815109253
74 1.4111876487731934 1.4436211585998535
168 0.7590188980102539 1.4266420602798462
247 0.6658259034156799 0.9182096123695374
182 1.0287470817565918 1.009409785270691
126 1.024397850036621 1.4955930709838867
340 0.5283326506614685 0.7139731645584106
339 1.0170366764068604 0.6274150609970093
197 0.9655417203903198 1.5047261714935303
163 0.342088520526886 1.2915247678756714
183 0.6282536387443542 1.054633378982544
352 2.51137638092041 2.123915672302246
16 2.2739078998565674 3.0449883937835693
116 0.9409627318382263 1.3937772512435913
244 0.8186421394348145 0.8291351795196533
102 1.7704330682754517 1.1384596824645996
391 0.6612950563430786 1.3381282091140747
135 0.6880308389663696 1.2371034622192383
139 0.9070259928703308 1.337207555770874
35 2.738576889038086 2.3845438957214355
72 0.9872093796730042 1.8160825967788696
78 1.744416356086731 1.415528416633606
172 0.731025755405426 1.0725739002227783
134 0.9743887186050415 1.4010075330734253
117 0.9173160195350647 1.2931939363479614
120 1.125368595123291 1.322200894355774
91 1.2738755941390991 1.4146031141281128
8 2.3923521041870117 2.5029964447021484
108 2.0035970211029053 1.3287928104400635
80 1.1471928358078003 1.1423662900924683
29 1.5998992919921875 2.5383973121643066
214 1.187585473060608 1.3633151054382324
274 1.0074063539505005 1.4474050998687744
32 2.4323582649230957 2.7356176376342773
132 0.8416202068328857 1.5880564451217651
136 0.9118292331695557 1.164291262626648
14 2.4747490882873535 2.9474523067474365
5 2.3973536491394043 2.2506778240203857
189 0.7386786341667175 0.7578725218772888
317 0.8627037405967712 0.2855501174926758
221 0.7502401471138 0.8597845435142517
64 1.615230679512024 2.0078179836273193
212 0.41034144163131714 1.6600065231323242
100 0.6252748966217041 1.5050688982009888
178 0.685833215713501 1.039663553237915
259 0.12001275271177292 1.2338472604751587
237 0.5949031710624695 1.2440578937530518
121 0.9136925935745239 1.136555790901184
174 0.8809916973114014 0.9999570846557617
201 0.8280476927757263 1.108773946762085
330 1.1873652935028076 0.21619270741939545
314 0.4292648136615753 1.1068878173828125
140 1.1344300508499146 1.0654964447021484
159 0.9648841619491577 1.1530686616897583
98 1.5691941976547241 1.6900126934051514
253 0.9510453343391418 0.9444296956062317
92 1.3117095232009888 0.9916283488273621
200 0.5635647177696228 1.842487096786499
239 0.9684600830078125 1.1244550943374634
39 2.5230958461761475 2.5010035037994385
157 0.6389719843864441 1.27605402469635
129 1.357519268989563 1.737709403038025
380 2.145048141479492 0.972087562084198
194 0.712279736995697 0.7542494535446167
112 1.154560923576355 1.0325475931167603
284 0.7284114360809326 0.7045730948448181
89 1.2908128499984741 1.1945786476135254
86 1.8496047258377075 1.102060079574585
193 1.0114755630493164 1.1136852502822876
327 -0.04702283442020416 1.2236815690994263
170 0.759891927242279 1.1764981746673584
169 0.8732326626777649 1.1973474025726318
175 1.0478323698043823 1.0126891136169434
151 0.8432179689407349 1.155228614807129
377 2.0253520011901855 0.5345327854156494
231 1.392049789428711 1.0787405967712402
305 0.45090436935424805 1.2215067148208618
153 0.6144745945930481 1.3741402626037598
104 1.0729981660842896 1.4496444463729858
177 0.8276815414428711 1.0908347368240356
81 1.5508606433868408 0.6881718039512634
210 0.5690014362335205 1.0589195489883423
31 1.4013376235961914 1.8569310903549194
243 0.44193747639656067 1.1904189586639404
185 0.5851597785949707 1.0157325267791748
191 1.0252313613891602 1.4415686130523682
208 0.6717392802238464 0.8224678635597229
228 1.1261751651763916 0.8488340973854065
109 1.2101528644561768 1.7345826625823975
28 2.0137546062469482 2.9535162448883057
10 2.1965491771698 2.714608907699585
62 1.8822191953659058 2.019381046295166
354 2.1627328395843506 0.731143593788147
245 1.0629621744155884 0.3848896622657776
150 0.9928309321403503 1.2650103569030762
187 0.9873248934745789 0.7910671234130859
356 2.479506254196167 0.27621012926101685
333 1.063916802406311 1.1919018030166626
171 1.0449973344802856 1.0703651905059814
265 0.4147587716579437 1.1137995719909668
148 0.48045098781585693 1.5115309953689575
322 0.2650936543941498 0.876524806022644
303 1.0879112482070923 0.5386950373649597
167 0.8906670808792114 1.409627079963684
273 0.6370425820350647 1.5070229768753052
268 0.6532309055328369 0.7424769997596741
376 2.366809606552124 0.7367731332778931
59 2.0315585136413574 2.0761775970458984
206 0.6343361139297485 1.1687719821929932
230 1.551332712173462 1.619674801826477
149 1.0693581104278564 1.108989953994751
286 1.381844162940979 1.5757684707641602
195 0.6219367384910583 0.9782844185829163
181 1.525944471359253 1.593621850013733
71 1.7490336894989014 1.8713345527648926
271 0.8864532113075256 0.6028009057044983
309 0.7462316155433655 0.9656800031661987
190 1.2020238637924194 1.0956991910934448
298 0.43616244196891785 1.5216413736343384
95 0.7776153087615967 1.655900001525879
118 0.5856754183769226 1.6635119915008545
306 0.88041752576828 0.6100804805755615
211 0.9827362298965454 1.1569969654083252
291 1.663758635520935 0.6340410709381104
48 2.037135362625122 1.538776159286499
2 1.432234287261963 1.8821167945861816
262 0.5770646333694458 1.31143057346344
205 0.701675295829773 1.329313039779663
346 0.8311941027641296 1.0521646738052368
312 0.40800997614860535 1.3246039152145386
275 1.0201125144958496 0.502631425857544
316 0.390251487493515 0.9547876119613647
344 0.6178566217422485 0.8869079351425171
222 0.6045609712600708 0.8039790987968445
207 0.5824639201164246 0.8998556733131409
310 0.7316756248474121 0.7458946108818054
248 1.0469814538955688 0.9106374979019165
186 1.221948504447937 0.7095404863357544
334 0.9098572731018066 0.5226917266845703
392 1.2646247148513794 1.5039687156677246
188 0.44997361302375793 2.3210551738739014
287 0.6151091456413269 0.8645948767662048
1 1.4826585054397583 1.4780346155166626
336 0.9857883453369141 1.1389265060424805
236 0.9480072855949402 1.7306829690933228
387 2.538062810897827 0.27925601601600647
246 0.5615932941436768 1.2234604358673096
325 0.5047299861907959 1.324019432067871
299 1.2442514896392822 0.6806954741477966
370 2.2544686794281006 0.41746848821640015
76 1.1396206617355347 1.7257726192474365
318 0.18470297753810883 1.01894211769104
240 0.784788966178894 0.8465688228607178
307 1.0693279504776 0.5017651915550232
374 2.2470154762268066 0.39683791995048523
383 2.2056658267974854 0.48931822180747986
227 1.7790040969848633 0.7238379716873169
249 1.2762339115142822 0.6671993732452393
282 1.2291983366012573 0.4956215023994446
215 0.6705511212348938 0.8140428066253662
389 2.032097578048706 0.3145667314529419
137 0.9133366942405701 1.3454257249832153
145 1.0318437814712524 1.218994140625
202 1.1707074642181396 1.0940454006195068
97 1.5108187198638916 1.119637370109558
311 0.47416239976882935 1.0887144804000854
308 0.6874339580535889 1.0477889776229858
123 1.5516843795776367 1.0262444019317627
160 0.6119132041931152 1.5242193937301636
363 1.893363118171692 0.36083516478538513
235 1.8911678791046143 1.1444320678710938
254 0.478425532579422 1.3420771360397339
390 0.6552969217300415 0.9813273549079895
209 0.7590508460998535 1.285542368888855
93 1.4608726501464844 1.233383297920227
199 0.7984628081321716 1.0936915874481201
144 0.7626293301582336 0.8082249760627747
218 0.8590237498283386 0.7826714515686035
358 0.9251576662063599 0.42601528763771057
349 1.2396341562271118 0.7266374230384827
152 1.0504190921783447 0.757656991481781
220 0.5490286946296692 0.9306668639183044
348 1.1441130638122559 0.392259806394577
398 0.8535208702087402 0.3348894417285919
337 0.12942902743816376 0.7011107802391052
261 0.4652239978313446 2.1496591567993164
386 1.562839150428772 1.1557941436767578
301 1.1009306907653809 1.0826537609100342
277 1.2932331562042236 0.8023922443389893
366 1.223069190979004 0.6161656379699707
360 2.5070815086364746 0.3228054642677307
233 1.1696178913116455 1.408347249031067
276 0.5665028691291809 1.5081706047058105
373 2.1638131141662598 0.5295044183731079
258 0.6922680139541626 1.7006298303604126
372 2.4210891723632812 0.40082424879074097
124 1.349507212638855 1.097827672958374
242 0.48546701669692993 1.2190419435501099
166 1.3906837701797485 1.222614049911499
328 0.271700382232666 1.314454436302185
313 0.4030146598815918 1.386933445930481
323 0.2958125174045563 0.8158925175666809
255 1.6140296459197998 2.411444902420044
224 1.824844479560852 0.8300542235374451
361 2.130671977996826 0.36105310916900635
326 0.301247239112854 1.0084805488586426
335 1.1675010919570923 0.5053796172142029
219 1.9423751831054688 1.1518477201461792
320 0.33299729228019714 0.7499133348464966
338 0.7221774458885193 0.716424822807312
285 0.9417378902435303 1.0126596689224243
267 0.8790362477302551 0.9467760324478149
347 0.17615537345409393 0.9264043569564819
394 0.5357974767684937 0.5461502075195312
234 1.492269515991211 1.5417914390563965
345 0.8288915157318115 1.3379191160202026
232 1.6708701848983765 1.4976787567138672
300 0.472400963306427 0.7731937766075134
294 1.7115544080734253 0.6080103516578674
351 1.4313730001449585 2.233426809310913
367 2.5442066192626953 0.3828878700733185
241 0.5833732485771179 1.6933332681655884
281 1.045070767402649 1.4851244688034058
304 0.2261575162410736 0.9954646825790405
382 1.8623652458190918 1.0366239547729492
257 0.6477676033973694 1.5333553552627563
229 1.7386921644210815 1.4061317443847656
388 0.47841939330101013 0.3694497048854828
365 1.2571287155151367 0.5429415702819824
128 0.7488017082214355 0.9690147042274475
278 0.6835607290267944 1.5134798288345337
350 0.7860749363899231 0.9744006395339966
353 0.9461529850959778 1.7678955793380737
324 0.6299101114273071 0.8857576847076416
362 2.7113895416259766 0.1931871473789215
302 1.1834419965744019 0.3897337317466736
164 2.2272603511810303 2.5841567516326904
319 0.5102429986000061 0.7591506242752075
272 0.548297107219696 0.8606375455856323
217 1.5115164518356323 1.775168538093567
263 1.0315189361572266 1.1781911849975586
381 1.8713310956954956 1.2290089130401611
283 1.096382975578308 1.522147536277771
342 1.2082078456878662 -0.05359810218214989
379 2.1153974533081055 0.5057060122489929
378 2.4792661666870117 1.114355444908142
226 1.9263124465942383 1.6055961847305298
315 0.29194819927215576 1.0730280876159668
288 0.9798720479011536 1.1698194742202759
264 0.7118170857429504 2.1032559871673584
332 0.2290395349264145 0.7420035004615784
256 0.4218330979347229 1.7386044263839722
375 2.5124144554138184 0.6018620729446411
250 1.6096736192703247 1.4135624170303345
297 0.7803235054016113 0.5311161875724792
238 1.5527452230453491 0.9356176853179932
203 1.6016913652420044 1.1892331838607788
329 0.5746065378189087 0.7053849697113037
251 0.7387477159500122 1.0994930267333984
395 0.621606707572937 0.5876612067222595
384 2.2372708320617676 0.6218277812004089
343 1.1464223861694336 1.4489538669586182
180 2.319159507751465 2.9685564041137695
290 2.056318759918213 1.3680890798568726
368 1.6571190357208252 0.5995754599571228
176 1.713019847869873 0.7726262211799622
369 2.460029125213623 0.38337442278862
127 0.2688480615615845 0.8994051814079285
295 0.8590562343597412 0.9919540882110596
269 0.27591660618782043 2.1428918838500977
225 1.134060025215149 0.704480767250061
321 0.5624715089797974 0.5257567763328552
293 1.0911273956298828 0.999264657497406
289 1.5150656700134277 1.4848147630691528
357 0.968036949634552 0.41302064061164856
223 1.3175749778747559 0.42526358366012573
371 2.6091275215148926 0.23747307062149048
396 0.7809895873069763 0.3540342152118683
385 1.9223144054412842 1.0534254312515259
260 0.5252622961997986 1.6123661994934082
359 1.7485058307647705 0.6653929352760315
393 0.23323163390159607 1.1969469785690308
296 0.7437704801559448 0.3382168412208557
331 0.8587076663970947 0.3361815810203552
397 0.38495156168937683 0.5730381608009338
