252 0.7596020698547363 -0.837331235408783
36 0.3413863778114319 -1.1068190336227417
57 0.38688093423843384 -1.127177119255066
50 0.9040069580078125 -0.7183533906936646
43 0.8915443420410156 -0.7427492737770081
3 0.5329098105430603 -0.911202073097229
90 0.4760698080062866 -1.052295207977295
42 0.8001360297203064 -0.7979723215103149
143 0.9321945905685425 -0.7409984469413757
147 0.9769229292869568 -0.6748803853988647
33 0.8993561267852783 -0.6911590099334717
204 1.4059079885482788 -0.47014057636260986
22 0.4324784576892853 -0.9575410485267639
133 0.9309428930282593 -0.7374891042709351
30 1.035688877105713 -0.6180036067962646
9 0.513256847858429 -0.9315440654754639
0 0.5712517499923706 -0.8933752179145813
85 0.867573618888855 -0.7446727752685547
184 0.6407374739646912 -0.9030053019523621
26 0.7931454181671143 -0.7575188279151917
355 -0.3880566954612732 -1.993117332458496
19 0.4076932966709137 -0.9444792866706848
63 0.8792519569396973 -0.7348213195800781
52 0.16478538513183594 -1.2713862657546997
17 0.8775477409362793 -0.7028311491012573
146 0.9792065024375916 -0.6720414757728577
113 0.7008489966392517 -0.8764854669570923
37 0.37394848465919495 -1.065822958946228
156 0.8039264678955078 -0.8386322259902954
119 1.1003950834274292 -0.6156659126281738
341 1.0783511400222778 -0.6418659687042236
61 0.7836194038391113 -0.7853620648384094
65 0.7521219253540039 -0.825558066368103
11 0.589042603969574 -0.8761535882949829
179 0.5981696844100952 -0.9888743758201599
155 0.6554457545280457 -0.8833605647087097
38 0.8007803559303284 -0.7448723316192627
216 0.45589280128479004 -0.9715081453323364
56 0.6906115412712097 -0.7920921444892883
131 1.4206215143203735 -0.4041195809841156
49 0.9387965202331543 -0.6944310665130615
192 0.9976996779441833 -0.7253226041793823
141 0.09206874668598175 -1.4946304559707642
88 0.3263928294181824 -1.2302879095077515
94 1.151838779449463 -0.5757258534431458
18 0.7816982865333557 -0.7433487176895142
107 0.9509575366973877 -0.733326256275177
79 0.975364089012146 -0.6939898133277893
292 0.8235828280448914 -0.879469096660614
40 -0.1301785111427307 -1.5400581359863281
4 0.4697674512863159 -0.945302426815033
154 1.4294244050979614 -0.4438776969909668
20 0.8110208511352539 -0.7048451900482178
46 0.7874572277069092 -0.8420242071151733
103 0.9339519739151001 -0.7620247006416321
27 0.8138235807418823 -0.7007662653923035
130 0.6666256785392761 -0.806221604347229
13 0.6655247807502747 -0.8216544985771179
7 0.5945464372634888 -0.8523799777030945
83 0.6599262356758118 -0.9015953540802002
23 0.535229504108429 -0.9057090878486633
69 0.9928006529808044 -0.731896162033081
73 1.6833888292312622 -0.3402714133262634
45 0.568761944770813 -0.9476389288902283
173 1.5759055614471436 -0.38659974932670593
122 1.3791402578353882 -0.4758058190345764
106 0.9648392796516418 -0.7322187423706055
47 0.7380335330963135 -0.8394975066184998
96 0.693679690361023 -0.8697363138198853
25 0.5400222539901733 -0.922240674495697
82 1.345982313156128 -0.4404316246509552
196 1.201154351234436 -0.6326969861984253
60 1.0138750076293945 -0.648067831993103
67 1.691548228263855 -0.29608502984046936
125 0.06618884950876236 -1.5287203788757324
99 0.9508408308029175 -0.6992554664611816
54 0.8432202339172363 -0.7342542409896851
58 0.6459594368934631 -0.8981233835220337
44 0.6866276860237122 -0.9035553932189941
138 1.6655526161193848 -0.3763059079647064
68 0.49509865045547485 -1.0094748735427856
266 1.2875556945800781 -0.44883283972740173
105 0.7379404902458191 -0.8855971097946167
15 0.7711533904075623 -0.7400838732719421
34 0.5346968770027161 -0.9375901222229004
21 0.5500743389129639 -0.8963730335235596
162 1.1539498567581177 -0.5980528593063354
111 0.597102701663971 -0.9151880741119385
280 0.27052706480026245 -1.3753327131271362
158 0.5615494847297668 -0.953949511051178
87 1.0490901470184326 -0.6396833062171936
24 0.6367682218551636 -0.8744977116584778
77 -0.5682598352432251 -2.3388094902038574
161 0.4094369113445282 -0.9377343058586121
53 0.3121471405029297 -1.125411868095398
110 1.031599998474121 -0.6578779220581055
114 0.20141707360744476 -1.3726774454116821
41 0.854830801486969 -0.7272242903709412
6 0.4737843871116638 -0.9574296474456787
66 1.0253756046295166 -0.6564117074012756
55 1.0723713636398315 -0.586013674736023
142 1.247973084449768 -0.5395675301551819
115 0.8355659246444702 -0.8407496809959412
270 0.2251633107662201 -1.3421212434768677
213 1.174629807472229 -0.6714627146720886
75 0.045884329825639725 -1.4486945867538452
51 0.3071473240852356 -1.1287319660186768
364 -0.39188531041145325 -2.1629648208618164
101 -0.5300489068031311 -2.2159345149993896
165 0.521315336227417 -0.9810094833374023
279 0.42400553822517395 -1.2553753852844238
12 0.5558158755302429 -0.9425561428070068
84 0.6979352831840515 -0.9215388298034668
70 2.062330722808838 -0.1711781769990921
198 1.1117587089538574 -0.6390879154205322
74 0.9995243549346924 -0.6768494248390198
168 0.805388331413269 -0.7466654777526855
247 0.8078138828277588 -0.797238290309906
182 0.6267852783203125 -0.925342857837677
126 0.7282155156135559 -0.8421532511711121
340 2.3542027473449707 -0.20629432797431946
339 3.006833553314209 -0.2023438662290573
197 0.8750998377799988 -0.7786768674850464
163 0.8897265195846558 -0.6945198774337769
183 0.9669498801231384 -0.721509575843811
352 0.5063655972480774 -0.8293584585189819
16 0.7362229228019714 -0.7866476774215698
116 1.0085902214050293 -0.7192309498786926
244 0.850337564945221 -0.8130679130554199
102 0.19258363544940948 -1.3206175565719604
391 1.0440462827682495 -0.709510326385498
135 0.9213736057281494 -0.7895222306251526
139 0.45723479986190796 -1.0819178819656372
35 0.7117172479629517 -0.8152005076408386
72 1.3490251302719116 -0.48264557123184204
78 -0.37818214297294617 -1.9809695482254028
172 1.7475217580795288 -0.30821195244789124
134 0.9093008041381836 -0.7508590817451477
117 1.1993740797042847 -0.5974338054656982
120 1.2249109745025635 -0.5957730412483215
91 0.6792613863945007 -0.8982498049736023
8 0.45427051186561584 -0.9781833291053772
108 0.9239891767501831 -0.7187632918357849
80 1.0333104133605957 -0.6609763503074646
29 0.38282713294029236 -1.0751296281814575
214 0.9467611908912659 -0.6425580978393555
274 0.6292556524276733 -0.9733377695083618
32 0.9191468358039856 -0.6956828236579895
132 1.2955445051193237 -0.5268685221672058
136 0.8703327178955078 -0.7544912099838257
14 0.6792284846305847 -0.8250977993011475
5 0.5454033017158508 -0.906276285648346
189 0.7568572163581848 -0.8663355708122253
317 3.501675844192505 -0.1776103526353836
221 2.6713128089904785 -0.11447829008102417
64 0.8326329588890076 -0.783974289894104
212 0.44904831051826477 -1.1133110523223877
100 -0.18811555206775665 -1.819563388824463
178 0.85257887840271 -0.7670760750770569
259 1.4249192476272583 -0.4114767014980316
237 1.4596070051193237 -0.3108256757259369
121 1.3340427875518799 -0.5026001334190369
174 1.3994492292404175 -0.4513099789619446
201 1.0558921098709106 -0.6890441179275513
330 2.5762970447540283 -0.17201782763004303
314 2.804293394088745 -0.08245357871055603
140 0.7598530054092407 -0.8246632218360901
159 1.3629257678985596 -0.501607358455658
98 1.011063575744629 -0.66364586353302
253 0.9084509015083313 -0.7359912991523743
92 0.30815815925598145 -1.3002444505691528
200 1.1015174388885498 -0.7113136053085327
239 0.8655446171760559 -0.7944310307502747
39 0.5540217757225037 -0.8647381663322449
157 0.5477501153945923 -0.8876745700836182
129 0.4543610215187073 -0.8938087224960327
380 -0.06726250797510147 -1.6053529977798462
194 1.2940880060195923 -0.5357282161712646
112 1.0255154371261597 -0.7334403991699219
284 0.3550810217857361 -1.2627956867218018
89 0.2890460789203644 -1.2966833114624023
86 0.8594582676887512 -0.7369083762168884
193 1.3405588865280151 -0.5094080567359924
327 2.54215669631958 -0.16580931842327118
170 2.346139669418335 -0.09981227666139603
169 1.464714765548706 -0.4205305576324463
175 1.0283663272857666 -0.6817284822463989
151 1.869357943534851 -0.24383920431137085
377 -0.3116835057735443 -2.081799030303955
231 0.6160723567008972 -0.9618452191352844
305 1.0426769256591797 -0.6916801333427429
153 0.8280532360076904 -0.8008139729499817
104 1.3210357427597046 -0.5183330774307251
177 0.9146098494529724 -0.7265444397926331
81 3.3014557361602783 -0.34475189447402954
210 1.2572441101074219 -0.5933471918106079
31 0.9959088563919067 -0.6643231511116028
243 1.0908396244049072 -0.6359469294548035
185 1.0575116872787476 -0.6844384074211121
191 0.6587342619895935 -0.9195983409881592
208 2.26381254196167 -0.20044292509555817
228 0.29118767380714417 -1.2358840703964233
109 0.9608336091041565 -0.7283084392547607
28 0.8443359136581421 -0.761517345905304
10 0.389021098613739 -1.0211924314498901
62 0.8427662253379822 -0.7663060426712036
354 -0.5717355012893677 -2.4571268558502197
245 0.8518962264060974 -0.7614356279373169
150 0.7533360123634338 -0.811836838722229
187 0.8278757333755493 -0.815829336643219
356 -0.3788560926914215 -2.141916513442993
333 1.1421712636947632 -0.6415976285934448
171 2.0310418605804443 -0.1724611520767212
265 1.3478505611419678 -0.41824549436569214
148 1.2949062585830688 -0.5147392153739929
322 3.589576005935669 -0.17838113009929657
303 0.7865798473358154 -0.9112012982368469
167 0.8761435747146606 -0.7041455507278442
273 0.708277702331543 -0.9260010123252869
268 1.1863551139831543 -0.532050609588623
376 -0.1207059994339943 -1.6787623167037964
59 0.7750728726387024 -0.8224794864654541
206 1.1748946905136108 -0.6170826554298401
230 0.4951690137386322 -1.0059236288070679
149 1.1123201847076416 -0.5518654584884644
286 0.5557330846786499 -1.0014348030090332
195 2.0195212364196777 -0.23457930982112885
181 0.6910105347633362 -0.853141188621521
71 1.5639208555221558 -0.3975815773010254
271 0.15532007813453674 -1.4815107583999634
309 0.9104206562042236 -0.7495973706245422
190 1.2161517143249512 -0.5374661684036255
298 1.1315555572509766 -0.5610779523849487
95 1.296095848083496 -0.5275161862373352
118 1.075681209564209 -0.6204350590705872
306 0.8717886209487915 -0.8219534158706665
211 1.0854039192199707 -0.6256662607192993
291 -0.3384765088558197 -2.0476627349853516
48 0.4734075367450714 -0.6610633730888367
2 0.5515108108520508 -0.8964015245437622
262 0.5738326907157898 -0.9689897298812866
205 0.9379826784133911 -0.8161593079566956
346 -0.35743990540504456 -2.0780158042907715
312 2.432509660720825 -0.13793343305587769
275 0.3076743483543396 -1.2826472520828247
316 2.9160847663879395 -0.1761920005083084
344 -0.061356596648693085 -1.6108810901641846
222 1.4356272220611572 -0.48998206853866577
207 0.9829285144805908 -0.7151404619216919
310 0.7133013606071472 -0.8474797606468201
248 0.7954345345497131 -0.8537163734436035
186 0.9148038029670715 -0.7640278339385986
334 1.7517893314361572 -0.38876980543136597
392 0.7801908850669861 -0.8986203670501709
188 0.4664054811000824 -1.0915343761444092
287 0.858731210231781 -0.9349902868270874
1 0.48599982261657715 -0.9592878818511963
336 1.0827630758285522 -0.6725695729255676
236 0.8500314354896545 -0.747006893157959
387 -0.3028433918952942 -2.0403711795806885
246 0.8575817346572876 -0.8092904090881348
325 1.558444857597351 -0.3688722252845764
299 0.9327983856201172 -0.7398920655250549
370 -0.37706121802330017 -2.0894105434417725
76 0.7501401305198669 -0.8550980687141418
318 3.175780773162842 -0.16267025470733643
240 0.743019163608551 -0.7861799001693726
307 0.9239051938056946 -0.8084612488746643
374 -0.39816492795944214 -2.153052568435669
383 -0.31231868267059326 -2.001401901245117
227 0.714372456073761 -0.9315647482872009
249 0.853192150592804 -0.8065610527992249
282 0.25082358717918396 -1.3831506967544556
215 2.2117183208465576 -0.14993107318878174
389 -0.35290956497192383 -2.1877386569976807
137 0.5579016804695129 -0.878853440284729
145 0.4780603349208832 -0.9311003088951111
202 0.9005292654037476 -0.7421072125434875
97 0.6825248003005981 -0.8863438963890076
311 0.8208962678909302 -0.803700864315033
308 1.4117400646209717 -0.4045765697956085
123 0.256181538105011 -1.2784730195999146
160 0.5006389021873474 -0.9842094779014587
363 -0.49754855036735535 -2.514401435852051
235 0.4096756875514984 -1.041503667831421
254 1.1126799583435059 -0.7123841643333435
390 0.5509623885154724 -1.1470518112182617
209 1.200127363204956 -0.6071734428405762
93 0.8761646747589111 -0.7315715551376343
199 1.1195403337478638 -0.577921986579895
144 0.5840386748313904 -1.0361852645874023
218 -0.697834849357605 -10.299034118652344
358 -0.6340782642364502 -2.8204216957092285
349 -0.11052299290895462 -1.7363941669464111
152 1.1467552185058594 -0.600435197353363
220 1.391127586364746 -0.43043577671051025
348 -0.3644712567329407 -2.076500654220581
398 0.9608607292175293 -0.8449144959449768
337 1.6360048055648804 -0.4258326590061188
261 0.6554970741271973 -0.9267705678939819
386 -0.00011862343671964481 -1.4823157787322998
301 0.8215117454528809 -0.813575804233551
277 0.7031614780426025 -0.9632631540298462
366 -0.39127740263938904 -2.135096788406372
360 -0.35157284140586853 -2.0448484420776367
233 0.809163510799408 -0.8377859592437744
276 0.7107781767845154 -0.9287382364273071
373 -0.3673444092273712 -1.983551025390625
258 0.6078011393547058 -0.958899199962616
372 -0.32362738251686096 -2.009782075881958
124 0.5422222018241882 -0.9692100286483765
242 0.8888976573944092 -0.7515653371810913
166 1.6572667360305786 -0.3139946460723877
328 2.2104873657226562 -0.22226126492023468
313 2.7090723514556885 -0.0956653356552124
323 3.315920114517212 -0.1692861020565033
255 0.6856433749198914 -0.791584849357605
224 0.3408982455730438 -1.1695739030838013
361 -0.5124815106391907 -2.3124430179595947
326 2.6049439907073975 -0.17752553522586823
335 1.3249386548995972 -0.5061865448951721
219 0.5522066950798035 -0.8279809951782227
320 2.9238340854644775 -0.15529826283454895
338 2.5100200176239014 -0.22976814210414886
285 0.35143589973449707 -1.2852275371551514
267 0.9458974599838257 -0.6628684997558594
347 0.5707839131355286 -1.0100789070129395
394 0.3996383249759674 -1.3301067352294922
234 0.5278344750404358 -0.962016761302948
345 -0.18316568434238434 -1.8873878717422485
232 0.7172612547874451 -0.9019748568534851
300 1.2461615800857544 -0.5673250555992126
294 0.5747907161712646 -1.0200424194335938
351 0.651822566986084 -0.794042706489563
367 -0.3064033091068268 -2.032005548477173
241 0.531723141670227 -0.9194018840789795
281 0.4738415777683258 -1.1504052877426147
304 1.2785053253173828 -0.570073664188385
382 -0.03833311051130295 -1.5392405986785889
257 0.6316859126091003 -0.9418619871139526
229 0.49770626425743103 -0.9935464859008789
388 -0.7257673144340515 -3.232400894165039
365 -0.6290139555931091 -2.725050687789917
128 0.9871534705162048 -0.7108666896820068
278 0.5415083765983582 -1.0335795879364014
350 -0.18198423087596893 -1.8994485139846802
353 0.050603464245796204 -1.5084927082061768
324 2.1639909744262695 -0.20377235114574432
362 -0.38284215331077576 -2.165273666381836
302 0.9838600754737854 -0.8237664699554443
164 0.32837408781051636 -0.9870141744613647
319 2.9891879558563232 -0.18599849939346313
272 0.22274541854858398 -1.4158567190170288
217 0.4962024390697479 -0.8790894746780396
263 0.6058015823364258 -0.9080158472061157
381 0.005951226223260164 -1.480175495147705
283 0.7723422050476074 -0.8764689564704895
342 2.3572192192077637 -0.23603540658950806
379 -0.2271912544965744 -1.873520851135254
378 0.00996443908661604 -1.4039891958236694
226 0.41349729895591736 -1.046808123588562
315 2.9540491104125977 -0.10112274438142776
288 0.6409595608711243 -0.9560760259628296
264 0.32914501428604126 -1.1053977012634277
332 3.443241596221924 -0.24277077615261078
256 0.5581440329551697 -0.9712089896202087
375 -0.2543897032737732 -1.8838274478912354
250 0.7684857845306396 -0.8623864650726318
297 -0.47191745042800903 -2.388751983642578
238 0.9508612751960754 -0.6832170486450195
203 0.9128690958023071 -0.7619937062263489
329 2.281127452850342 -0.14400045573711395
251 0.9726415872573853 -0.7356670498847961
395 0.5414063930511475 -1.2503371238708496
384 -0.33853575587272644 -2.0180776119232178
343 -0.09313128888607025 -1.7101019620895386
180 0.413632333278656 -0.81357342004776
290 -0.36342161893844604 -2.010195732116699
368 -0.5762525200843811 -2.4794845581054688
176 0.554884135723114 -0.8599080443382263
369 -0.2934255599975586 -1.8960264921188354
127 1.181606650352478 -0.6718945503234863
295 -0.26051315665245056 -1.9694269895553589
269 0.6027294397354126 -0.9820964336395264
225 0.30347564816474915 -1.3910396099090576
321 3.377462387084961 -0.21150928735733032
293 0.47719553112983704 -1.1026488542556763
289 0.20914776623249054 -1.2208691835403442
357 -0.5000747442245483 -2.296691656112671
223 0.2379644811153412 -1.457719326019287
371 -0.43015149235725403 -2.275336980819702
396 0.18890534341335297 -1.7150076627731323
385 -0.05042937397956848 -1.4649266004562378
260 0.5187168121337891 -1.0288879871368408
359 -0.47493302822113037 -2.2632243633270264
393 0.6371752023696899 -1.0515767335891724
296 -0.0458076111972332 -1.8388590812683105
331 3.0883755683898926 -0.15005409717559814
397 1.0028936862945557 -0.7805970311164856
