252 1.540854811668396 1.8638535737991333
36 8.584602355957031 4.108082294464111
57 3.737107515335083 6.93174934387207
50 5.004589080810547 10.05074405670166
43 5.399341106414795 4.119143009185791
3 1.5970624685287476 0.0
90 1.6441690921783447 8.1337308883667
42 1.754846453666687 3.087561845779419
143 7.310398101806641 7.566536903381348
147 3.7533376216888428 7.322114944458008
33 3.6388907432556152 2.4713313579559326
204 3.6208322048187256 4.923723220825195
22 8.718667984008789 3.0014030933380127
133 5.107373237609863 6.220109939575195
30 3.475480556488037 2.6141462326049805
9 3.0911574363708496 0.0
0 0.3350623846054077 0.21928325295448303
85 2.9586992263793945 4.8092193603515625
184 2.117863655090332 6.020840167999268
26 9.320905685424805 4.334647178649902
355 0.5628148913383484 0.35430943965911865
19 5.704368591308594 0.0880683958530426
63 4.035599708557129 8.151179313659668
52 5.999551773071289 4.064750671386719
17 0.8726125955581665 0.0
146 6.466822147369385 10.798977851867676
113 1.3150495290756226 3.470855712890625
37 5.4168853759765625 2.937739849090576
156 5.748851299285889 5.3909101486206055
119 4.405593395233154 10.571233749389648
341 0.8596500158309937 1.7204196453094482
61 6.367927551269531 11.263352394104004
65 6.179904937744141 12.871033668518066
11 5.083271503448486 0.087808758020401
179 2.913668632507324 10.435930252075195
155 5.841649055480957 10.661459922790527
38 5.911798477172852 8.54949951171875
216 1.737219214439392 3.449578046798706
56 5.854192733764648 7.714314937591553
131 6.961301803588867 9.061556816101074
49 3.156744956970215 5.5787200927734375
192 3.408411741256714 5.517498016357422
141 0.37991514801979065 7.837244033813477
88 3.2151026725769043 8.759915351867676
94 6.592289924621582 10.192610740661621
18 5.987905025482178 0.4539540112018585
107 3.0223007202148438 5.553384780883789
79 5.3294782638549805 8.427523612976074
292 2.8002982139587402 3.749500036239624
40 4.226999759674072 7.923273086547852
4 2.3141942024230957 0.0
154 6.909223556518555 7.032198905944824
20 7.663130760192871 2.3515000343322754
46 3.1538853645324707 7.635591506958008
103 5.379472732543945 6.3642683029174805
27 9.730576515197754 4.047146320343018
130 9.019072532653809 5.447113990783691
13 5.753780364990234 0.27721694111824036
7 3.829240322113037 0.014979453757405281
83 3.1062395572662354 7.696624279022217
23 10.102141380310059 3.571227550506592
69 4.179388999938965 10.433438301086426
73 5.0345940589904785 12.222928047180176
45 9.122685432434082 6.270471572875977
173 4.5165486335754395 7.27248477935791
122 5.503665447235107 5.616497993469238
106 6.630468845367432 10.20554256439209
47 4.410121440887451 8.21695613861084
96 3.2860817909240723 10.246495246887207
25 6.894445419311523 3.2458183765411377
82 5.384387969970703 10.818841934204102
196 2.4669349193573 3.0345871448516846
60 5.842616558074951 12.417441368103027
67 4.739630699157715 11.137030601501465
125 0.0 3.3557145595550537
99 2.611741542816162 9.789458274841309
54 6.5377702713012695 11.728964805603027
58 4.0477705001831055 8.63776683807373
44 2.236166477203369 3.3723104000091553
138 4.986727714538574 5.272908687591553
68 2.6234703063964844 5.673571586608887
266 1.8184664249420166 2.703077793121338
105 6.5981597900390625 7.7468366622924805
15 4.472822666168213 0.10297796130180359
34 8.038143157958984 4.544886112213135
21 8.064238548278809 2.5898430347442627
162 5.542213439941406 9.335623741149902
111 0.7569246888160706 3.4195713996887207
280 0.0 5.39802885055542
158 7.992356777191162 5.900026798248291
87 5.873618125915527 10.664020538330078
24 5.70442008972168 3.2134792804718018
77 4.157805442810059 1.4289284944534302
161 4.304202079772949 2.7871475219726562
53 4.419831275939941 9.692241668701172
110 5.621663570404053 8.040331840515137
114 1.1041256189346313 6.4764018058776855
41 6.848730564117432 3.902768611907959
6 3.3327581882476807 0.0
66 4.687557220458984 7.305361270904541
55 6.439079284667969 11.659729957580566
142 6.25148868560791 6.421107292175293
115 0.6023379564285278 2.377107858657837
270 0.006100235506892204 2.2180898189544678
213 1.418765664100647 2.7003908157348633
75 5.667116165161133 8.40711498260498
51 7.413511276245117 3.9454236030578613
364 0.0 0.057307593524456024
101 2.776732921600342 5.664318084716797
165 4.611086845397949 10.75928020477295
279 0.0 2.273577928543091
12 5.725287437438965 0.10874548554420471
84 4.540610313415527 9.864489555358887
70 6.417588233947754 11.0200834274292
198 4.222156047821045 4.374580383300781
74 4.000627517700195 9.960744857788086
168 5.1202497482299805 9.001944541931152
247 4.894865989685059 4.8326497077941895
182 3.540398120880127 6.961203098297119
126 3.8635270595550537 7.223813533782959
340 0.7038304209709167 0.4099682867527008
339 0.5288861393928528 0.2922716438770294
197 1.6289901733398438 5.01699161529541
163 5.7041401863098145 9.422992706298828
183 2.5343568325042725 10.996026039123535
352 2.626744508743286 1.5411685705184937
16 5.258920669555664 0.5744538307189941
116 4.702197074890137 6.242300033569336
244 5.914035797119141 6.495383262634277
102 3.4045257568359375 7.374212265014648
391 2.0736403465270996 2.5171260833740234
135 1.3261767625808716 2.135547161102295
139 7.195566654205322 10.196916580200195
35 8.021615028381348 4.808032989501953
72 5.615074157714844 11.705042839050293
78 4.255788803100586 10.908568382263184
172 4.309494495391846 7.06241512298584
134 7.143373489379883 10.227774620056152
117 1.7434481382369995 6.62920618057251
120 2.6246285438537598 4.326573848724365
91 6.296712875366211 9.125290870666504
8 3.829240322113037 0.014979453757405281
108 2.7096705436706543 3.0468878746032715
80 5.350187301635742 11.93625545501709
29 9.10103702545166 4.193770408630371
214 3.8526926040649414 3.195918560028076
274 1.4225026369094849 3.477639675140381
32 5.314906597137451 2.366142749786377
132 5.149858474731445 8.652108192443848
136 6.069492816925049 6.436030387878418
14 5.208221912384033 0.609675407409668
5 2.9284937381744385 0.009494813159108162
189 2.0033438205718994 7.571771144866943
317 0.5633000731468201 0.3416208326816559
221 3.8115787506103516 3.240436553955078
64 3.66500186920166 9.615850448608398
212 1.3160884380340576 1.2459503412246704
100 0.7793190479278564 1.332729697227478
178 2.1606829166412354 9.443313598632812
259 0.7072886824607849 0.5417211651802063
237 2.752749443054199 1.8890513181686401
121 5.627775192260742 6.954435348510742
174 4.404903888702393 6.664846420288086
201 1.449102759361267 5.182051658630371
330 0.29563194513320923 0.0
314 0.8077003359794617 1.820076823234558
140 5.095423698425293 6.199621677398682
159 8.862940788269043 7.323832988739014
98 3.827035427093506 7.570172309875488
253 3.248800277709961 3.1685585975646973
92 0.6963261365890503 7.044010162353516
200 1.7833853960037231 2.1470251083374023
239 2.8585033416748047 5.624670028686523
39 8.759207725524902 6.109701156616211
157 5.028021812438965 3.2362124919891357
129 7.610868453979492 3.3374719619750977
380 0.48828449845314026 0.49627941846847534
194 1.9225825071334839 7.810564041137695
112 1.503324031829834 2.8648335933685303
284 0.0 5.067246437072754
89 1.0766319036483765 5.699606895446777
86 4.752854347229004 6.8758440017700195
193 2.9908275604248047 3.4898409843444824
327 0.43680539727211 0.6173997521400452
170 2.5386128425598145 3.5649216175079346
169 4.5937676429748535 11.124200820922852
175 3.2140674591064453 4.474762439727783
151 3.585076332092285 7.285244941711426
377 0.06568503379821777 0.1306326538324356
231 1.5515822172164917 3.3229074478149414
305 1.1175589561462402 3.6345911026000977
153 3.9815022945404053 4.155206680297852
104 6.578673839569092 7.531903266906738
177 5.767987251281738 5.132641315460205
81 1.0004013776779175 1.3117485046386719
210 1.1047511100769043 2.751485586166382
31 1.5987097024917603 3.5046586990356445
243 6.966395854949951 8.188026428222656
185 1.4952844381332397 5.863024711608887
191 4.2149457931518555 8.38609504699707
208 5.754856109619141 6.791943550109863
228 1.2014001607894897 3.2167599201202393
109 4.205592155456543 3.895890951156616
28 3.887596607208252 1.1783124208450317
10 3.5423271656036377 0.044941097497940063
62 3.0763509273529053 6.47509241104126
354 1.433005690574646 0.6296039819717407
245 0.8448612093925476 1.1235911846160889
150 1.1742949485778809 2.3093037605285645
187 2.2610552310943604 6.998264312744141
356 0.0 0.057307593524456024
333 1.809026837348938 2.826949119567871
171 4.015893459320068 3.446284294128418
265 0.7121278047561646 1.0625085830688477
148 5.504827499389648 5.670898914337158
322 0.605105459690094 0.3110404908657074
303 0.6454861760139465 2.1519083976745605
167 2.550492286682129 8.473828315734863
273 1.2251650094985962 3.334810495376587
268 0.6849126219749451 0.39583662152290344
376 0.5736845135688782 0.7592928409576416
59 2.698988914489746 5.686697959899902
206 1.2615934610366821 5.0409626960754395
230 2.46774959564209 1.3918724060058594
149 2.171774387359619 2.1423637866973877
286 1.6955710649490356 4.626163005828857
195 5.454358100891113 6.245647430419922
181 4.2246551513671875 2.6777501106262207
71 5.228343963623047 11.790596961975098
271 0.0 4.078069686889648
309 3.5720303058624268 3.5149526596069336
190 4.8220624923706055 9.528120994567871
298 1.7271517515182495 3.9460229873657227
95 4.066671371459961 6.433135986328125
118 2.046140432357788 8.100024223327637
306 1.0367937088012695 2.820711374282837
211 1.626402735710144 2.427983522415161
291 0.5826686024665833 2.7522990703582764
48 0.9515098929405212 0.18869538605213165
2 0.7789344191551208 0.0
262 0.6279265880584717 1.2500852346420288
205 1.263798713684082 3.6271419525146484
346 1.2987886667251587 1.0081464052200317
312 0.3602989912033081 0.6086400151252747
275 0.0 7.21890115737915
316 0.4284355044364929 0.5833255648612976
344 0.7459490299224854 0.6449040174484253
222 0.5994095206260681 1.303573727607727
207 5.616118431091309 5.83856201171875
310 3.9980907440185547 3.9495201110839844
248 3.4762582778930664 5.3950042724609375
186 1.643897294998169 5.488364219665527
334 0.8921695947647095 1.7996422052383423
392 1.650926947593689 2.4860403537750244
188 2.4561383724212646 0.5532787442207336
287 0.0 1.098540186882019
1 0.7789344191551208 0.0
336 2.665865182876587 2.654947280883789
236 1.3845773935317993 2.442199230194092
387 0.005256222561001778 0.07674743235111237
246 3.216351270675659 3.310091972351074
325 2.4631478786468506 2.083976984024048
299 1.8532828092575073 7.407808303833008
370 0.0 0.057307593524456024
76 3.1041622161865234 6.900586128234863
318 0.41421422362327576 0.0
240 2.4040026664733887 2.516742706298828
307 0.8564744591712952 1.9835706949234009
374 0.0 0.057307593524456024
383 0.005256222561001778 0.07674743235111237
227 1.1337860822677612 1.0762807130813599
249 0.9623059630393982 1.727942705154419
282 0.0 6.132253646850586
215 0.6878677606582642 1.222319483757019
389 0.04535534232854843 0.11446602642536163
137 3.504434585571289 7.343586444854736
145 2.4007396697998047 4.336653709411621
202 1.9671523571014404 7.985108375549316
97 3.316511869430542 9.206047058105469
311 4.556089401245117 3.835604667663574
308 2.48718523979187 1.8016053438186646
123 2.9255449771881104 2.7780001163482666
160 6.116506576538086 4.658594131469727
363 0.0 0.03943098708987236
235 1.9341970682144165 0.8332420587539673
254 2.253974199295044 2.518028497695923
390 2.0868449211120605 3.3081367015838623
209 0.6783103346824646 1.5615383386611938
93 2.11287260055542 7.1452836990356445
199 1.5037283897399902 4.6050920486450195
144 0.6197744607925415 1.6067166328430176
218 0.5425615310668945 0.8024370670318604
358 0.0 0.1266935169696808
349 2.0882937908172607 1.6224814653396606
152 5.263204574584961 5.425917148590088
220 0.7232007384300232 1.3474760055541992
348 0.6814735531806946 0.39073821902275085
398 0.45384690165519714 0.7774467468261719
337 0.48742350935935974 0.4079669117927551
261 0.6547953486442566 0.5277233123779297
386 0.3958536684513092 0.291023313999176
301 1.262385606765747 4.634607315063477
277 1.2082884311676025 4.236680030822754
366 0.0 0.09916409850120544
360 0.0 0.057307593524456024
233 1.9470576047897339 3.292935609817505
276 0.9017084240913391 2.8607096672058105
373 0.005256222561001778 0.07674743235111237
258 0.6547953486442566 0.5277233123779297
372 0.005256222561001778 0.07674743235111237
124 3.3853378295898438 3.0272765159606934
242 3.7065606117248535 3.659064531326294
166 4.434783935546875 6.90876579284668
328 0.38321754336357117 0.5316203832626343
313 0.4084387719631195 0.5562762022018433
323 0.41385704278945923 0.0
255 2.041503429412842 2.038567304611206
224 0.84026700258255 1.0052193403244019
361 0.0 0.0640968456864357
326 0.4069806635379791 0.5962904691696167
335 0.5900574326515198 1.3103550672531128
219 0.4999191462993622 0.5711543560028076
320 0.36068063974380493 0.0
338 0.4074344336986542 0.26646658778190613
285 0.0 4.350449085235596
267 1.932155728340149 1.3431065082550049
347 0.6741906404495239 0.534701943397522
394 0.5030139088630676 0.8188359141349792
234 3.182734727859497 1.6135276556015015
345 0.8093542456626892 0.6853785514831543
232 0.9433136582374573 2.3109474182128906
300 0.874850332736969 2.688359022140503
294 0.8818702101707458 4.122638702392578
351 0.8997364640235901 1.369600534439087
367 0.0 0.1256374567747116
241 5.106748104095459 2.774648666381836
281 0.0 2.0284862518310547
304 0.4655158221721649 0.842674732208252
382 0.3958536684513092 0.291023313999176
257 0.5281800031661987 0.3758729100227356
229 1.001713752746582 1.6486029624938965
388 0.5633214116096497 0.37578150629997253
365 0.0 0.07560458034276962
128 0.5807144045829773 1.1699062585830688
278 0.9718451499938965 5.10457181930542
350 0.6900666356086731 0.5272046327590942
353 0.7872664332389832 0.6418553590774536
324 0.38321754336357117 0.5316203832626343
362 0.0 0.057307593524456024
302 0.7759334444999695 2.121554374694824
164 2.2202725410461426 1.2135957479476929
319 0.35167261958122253 0.0
272 0.0 5.104769229888916
217 0.4999191462993622 0.5711543560028076
263 0.8287565112113953 1.4887843132019043
381 0.3958536684513092 0.291023313999176
283 1.5056594610214233 2.7899866104125977
342 0.5249719023704529 0.2496161162853241
379 0.17255404591560364 0.24514777958393097
378 1.9937494993209839 0.9424017667770386
226 1.964685082435608 0.8010331988334656
315 0.4092406928539276 0.0
288 0.7969944477081299 1.9262266159057617
264 0.8110119700431824 0.6546061038970947
332 0.5720506310462952 0.3451842963695526
256 0.5281800031661987 0.3758729100227356
375 0.11483056098222733 0.24083150923252106
250 0.5841820240020752 0.7980107069015503
297 0.40693679451942444 0.785794734954834
238 1.217381477355957 2.2951278686523438
203 1.2955762147903442 4.491323471069336
329 0.18799595534801483 0.3802545666694641
251 0.6295592188835144 0.8067835569381714
395 0.4835604727268219 0.8037945032119751
384 0.005256222561001778 0.07674743235111237
343 0.7559074759483337 0.7078470587730408
180 2.710022449493408 0.6058105230331421
290 0.2758878171443939 1.851683259010315
368 0.0 0.060303784906864166
176 4.641364097595215 2.701855421066284
369 0.1301567703485489 0.21090921759605408
127 0.2965209484100342 0.6182191371917725
295 0.4729442894458771 2.3913016319274902
269 0.6547953486442566 0.5277233123779297
225 0.657555103302002 0.3384415805339813
321 0.46794554591178894 0.2512539029121399
293 0.19879478216171265 1.848838448524475
289 0.17051208019256592 1.0344312191009521
357 0.0 0.06802252680063248
223 0.657555103302002 0.3384415805339813
371 0.0 0.057307593524456024
396 0.4298921525478363 0.31613749265670776
385 0.3958536684513092 0.291023313999176
260 0.5281800031661987 0.3758729100227356
359 0.10074307769536972 0.1637382060289383
393 0.4294029176235199 0.5907605886459351
296 0.2799018919467926 0.7249374985694885
331 0.34632012248039246 0.0
397 0.3657841980457306 0.5637986660003662
