252 -1.1215044260025024 -0.7326754331588745
36 0.20043106377124786 -1.3662786483764648
57 0.8437429666519165 -2.488391876220703
50 -0.1036248728632927 -1.0284086465835571
43 0.7925648093223572 -2.4707934856414795
3 -3.604652166366577 -1.2305703163146973
90 0.2961792051792145 -1.4825382232666016
42 -0.9003978371620178 -0.7110196948051453
143 2.6217751502990723 -6.389039039611816
147 -0.2753639221191406 -0.896095871925354
33 -1.0048716068267822 -0.6231490969657898
204 -0.27656298875808716 -0.8585013151168823
22 1.7488582134246826 -4.757552146911621
133 -0.27825573086738586 -0.8379087448120117
30 -0.9093142151832581 -0.7050661444664001
9 -0.8740115761756897 -0.7486545443534851
0 -2.5585014820098877 -1.1233690977096558
85 -0.6265535354614258 -0.46294400095939636
184 1.1522389650344849 -3.1395795345306396
26 0.25800007581710815 -1.4711130857467651
355 -1.0490072965621948 -0.7642744779586792
19 -2.983466863632202 -1.1393216848373413
63 0.13289660215377808 -1.1863021850585938
52 0.9256569743156433 -2.726515054702759
17 1.3655511140823364 -3.2825043201446533
146 2.321838855743408 -5.658971309661865
113 -1.0006444454193115 -0.7184021472930908
37 -2.546373128890991 -0.9986720085144043
156 0.29004839062690735 -1.3518790006637573
119 1.670627236366272 -4.171756744384766
341 0.7108661532402039 -2.389615297317505
61 3.237166166305542 -8.070427894592285
65 3.203230857849121 -7.947994232177734
11 -2.7606916427612305 -1.0487221479415894
179 0.12273140251636505 -1.152135968208313
155 2.6454410552978516 -6.445963382720947
38 -0.038090839982032776 -1.042923092842102
216 1.1059011220932007 -2.9933218955993652
56 -0.3726935386657715 -1.0704883337020874
131 1.9284738302230835 -4.735023498535156
49 0.9963524341583252 -3.0759615898132324
192 0.03737012296915054 -1.1557354927062988
141 0.13668665289878845 -1.328467607498169
88 0.033118389546871185 -1.1445637941360474
94 2.5480852127075195 -6.208233833312988
18 -2.4839203357696533 -0.9590117335319519
107 1.146988868713379 -3.170757532119751
79 1.6846973896026611 -4.200940132141113
292 0.028570646420121193 -1.2596691846847534
40 0.10049298405647278 -1.106142520904541
4 1.3453309535980225 -3.210014820098877
154 3.56408429145813 -8.496675491333008
20 1.4490382671356201 -4.00275993347168
46 0.7741599678993225 -2.3615880012512207
103 -0.22143810987472534 -0.9695638418197632
27 0.2528381049633026 -1.4066188335418701
130 -0.24820028245449066 -0.8255849480628967
13 -3.3946022987365723 -1.2775485515594482
7 -0.8323146104812622 -0.7637219429016113
83 0.041495151817798615 -1.1752530336380005
23 0.3116890788078308 -1.4530677795410156
69 -0.34000280499458313 -1.0948387384414673
73 1.3056405782699585 -3.312833786010742
45 -0.19212110340595245 -0.9837005138397217
173 0.04465595260262489 -1.2486430406570435
122 -0.1079741045832634 -1.16605806350708
106 2.1268157958984375 -5.218719959259033
47 0.17507101595401764 -1.2685902118682861
96 -0.17500482499599457 -1.0732396841049194
25 -5.657561779022217 -2.0829484462738037
82 1.7327749729156494 -4.271360874176025
196 1.1889370679855347 -3.1657395362854004
60 2.6165096759796143 -6.442143440246582
67 -0.19219540059566498 -1.0661298036575317
125 1.2832276821136475 -3.4923505783081055
99 -0.12319216132164001 -1.0653573274612427
54 1.4072871208190918 -3.5922493934631348
58 -0.25688499212265015 -1.1193821430206299
44 -0.9590617418289185 -0.48739370703697205
138 2.615551233291626 -6.377191066741943
68 0.9859946966171265 -2.8189444541931152
266 -3.9983584880828857 -1.3795278072357178
105 -0.03749774396419525 -0.98316490650177
15 -3.5206427574157715 -1.3225035667419434
34 0.41884252429008484 -1.6557122468948364
21 -0.41244396567344666 -0.3061089515686035
162 1.200168490409851 -3.1015710830688477
111 2.5819900035858154 -6.149972915649414
280 -5.482354164123535 -2.063128709793091
158 0.013629005290567875 -1.1613892316818237
87 1.2499901056289673 -3.254135847091675
24 -5.577879428863525 -2.049041986465454
77 -2.5490074157714844 -0.9568538069725037
161 -0.6047748327255249 -0.635719358921051
53 -0.29298681020736694 -0.9966132044792175
110 -0.019882505759596825 -1.0591344833374023
114 0.6408169269561768 -2.0393917560577393
41 0.7633664011955261 -2.3196210861206055
6 1.1725904941558838 -2.978644609451294
66 0.10776103287935257 -1.192631721496582
55 2.351217031478882 -5.83690881729126
142 2.6954758167266846 -6.551910400390625
115 2.095808267593384 -4.9559407234191895
270 -6.628244400024414 -2.271782636642456
213 -4.480013370513916 -1.6391608715057373
75 -0.1808592528104782 -1.0017366409301758
51 0.659808337688446 -2.1021103858947754
364 4.274857997894287 -10.061076164245605
101 0.47166213393211365 -1.783337950706482
165 1.1112799644470215 -2.963059425354004
279 4.47406530380249 -10.590153694152832
12 -2.9109270572662354 -1.0943444967269897
84 -0.14524219930171967 -1.054532527923584
70 1.3761773109436035 -3.488222360610962
198 0.3815644383430481 -1.5257896184921265
74 -0.3149136006832123 -1.0868760347366333
168 -0.0018124824855476618 -1.1146817207336426
247 1.2584840059280396 -3.408595085144043
182 -0.07473219931125641 -1.0011793375015259
126 -0.3496173322200775 -1.0293657779693604
340 1.9175541400909424 -4.7037858963012695
339 -5.937007427215576 -2.4908149242401123
197 -0.028248153626918793 -0.6780707240104675
163 2.6024999618530273 -6.304391860961914
183 0.3394535481929779 -1.3914567232131958
352 1.6378387212753296 -3.88120174407959
16 -3.4168660640716553 -1.2684853076934814
116 -0.05620569735765457 -1.1347206830978394
244 0.3521849811077118 -1.4993301630020142
102 0.06320700794458389 -1.1744107007980347
391 -4.205006122589111 -1.4769262075424194
135 -1.3326963186264038 -0.6743319630622864
139 2.5126655101776123 -6.146617412567139
35 0.2354157567024231 -1.384001612663269
72 2.065342426300049 -5.0576348304748535
78 0.03506344556808472 -1.1062633991241455
172 2.255124092102051 -5.512286186218262
134 2.5579261779785156 -6.165249347686768
117 0.9862036108970642 -2.794705629348755
120 1.427392601966858 -3.784386157989502
91 1.6513999700546265 -4.135617733001709
8 -0.8118117451667786 -0.7622873187065125
108 -1.3164995908737183 -0.6909930109977722
80 2.2785518169403076 -5.654991626739502
29 0.7616956830024719 -2.269909143447876
214 -3.8993406295776367 -1.4332832098007202
274 -4.114136219024658 -1.412083387374878
32 1.7591208219528198 -4.772755146026611
132 1.3171921968460083 -3.366548776626587
136 -0.26861026883125305 -0.8611056804656982
14 -3.3201208114624023 -1.2467553615570068
5 -3.9189186096191406 -1.3417975902557373
189 -0.28537917137145996 -0.9163007140159607
317 -0.9728425145149231 -0.9694625735282898
221 1.1850924491882324 -3.1916651725769043
64 -0.09675072878599167 -1.1633145809173584
212 -7.406845569610596 -2.5539517402648926
100 2.6223304271698 -6.220805644989014
178 -0.26289770007133484 -0.9889891743659973
259 -0.6971723437309265 -0.8588793277740479
237 -1.1941134929656982 -0.7320911288261414
121 1.0227783918380737 -2.667181968688965
174 1.1383750438690186 -2.955129861831665
201 -4.316709995269775 -1.5885999202728271
330 -0.7436745762825012 -0.9063809514045715
314 -1.1978520154953003 -0.73129802942276
140 -0.1375337392091751 -1.1446123123168945
159 2.527968406677246 -6.094402313232422
98 -0.21503393352031708 -1.11086106300354
253 -2.815713405609131 -1.0089665651321411
92 1.5151817798614502 -4.033854961395264
200 -1.1758657693862915 -0.7002801895141602
239 1.2560662031173706 -3.3918423652648926
39 0.0838121846318245 -1.1599472761154175
157 -3.8120856285095215 -1.3991057872772217
129 1.0742124319076538 -2.996835947036743
380 -5.210695266723633 -1.7858952283859253
194 -0.2632059156894684 -0.8054177165031433
112 -2.3633575439453125 -0.8647856712341309
284 -1.7431882619857788 -0.7016785740852356
89 1.5372110605239868 -4.064403057098389
86 0.17092876136302948 -1.2678728103637695
193 0.7379716038703918 -2.25728178024292
327 -7.027212142944336 -2.354231119155884
170 0.8843124508857727 -2.5848045349121094
169 3.0663392543792725 -7.362030506134033
175 1.2330111265182495 -3.3677170276641846
151 -0.2940758764743805 -0.9068219661712646
377 -9.409467697143555 -3.209831476211548
231 -2.0232632160186768 -0.801732063293457
305 -1.5470317602157593 -0.7380108833312988
153 1.1422011852264404 -3.0997068881988525
104 0.030803054571151733 -1.0052549839019775
177 -0.05418788641691208 -1.1462695598602295
81 2.6412642002105713 -6.268057823181152
210 -4.8936262130737305 -1.6622986793518066
31 -4.310649871826172 -1.5828804969787598
243 3.012873649597168 -7.237658977508545
185 1.1173409223556519 -3.083379030227661
191 0.01334495097398758 -1.1146492958068848
208 3.5891122817993164 -8.570429801940918
228 -2.8445000648498535 -1.0222487449645996
109 -0.27673932909965515 -0.5395768880844116
28 -0.8816418647766113 -0.5417077541351318
10 1.269551396369934 -3.245515823364258
62 1.1322529315948486 -3.342996835708618
354 -3.401385545730591 -1.2173614501953125
245 -5.582642078399658 -1.8709099292755127
150 3.2021217346191406 -7.611779689788818
187 -0.289211243391037 -0.89273601770401
356 4.315383434295654 -10.198291778564453
333 -4.827834129333496 -1.6421120166778564
171 0.9935929775238037 -2.7421786785125732
265 2.2953639030456543 -5.4716362953186035
148 -0.2667444050312042 -0.8142668008804321
322 -8.482397079467773 -2.8859546184539795
303 1.497049331665039 -3.985729932785034
167 0.16035090386867523 -1.1268242597579956
273 -3.981839179992676 -1.4720871448516846
268 -6.769072532653809 -2.3079137802124023
376 -5.231067657470703 -1.7851409912109375
59 1.0767985582351685 -3.2331645488739014
206 -0.0710810124874115 -1.1079696416854858
230 -1.032909631729126 -0.7229262590408325
149 -1.3182405233383179 -0.6949161291122437
286 -4.028062343597412 -1.4188127517700195
195 3.067561626434326 -7.370492935180664
181 -0.5272951722145081 -0.6093533039093018
71 -0.024247851222753525 -1.15842866897583
271 -1.04753577709198 -0.6890850067138672
309 -4.597385883331299 -1.6977386474609375
190 1.1040180921554565 -2.9253458976745605
298 -4.3505144119262695 -1.6038981676101685
95 0.03595583140850067 -1.1780885457992554
118 0.17141583561897278 -1.1531167030334473
306 -2.4639768600463867 -0.9291632175445557
211 -1.463852882385254 -0.6955615282058716
291 1.9916727542877197 -4.730761528015137
48 -4.103278636932373 -1.7252185344696045
2 -4.423960208892822 -1.9321743249893188
262 -5.196235656738281 -1.795121669769287
205 -5.49802303314209 -2.07602596282959
346 3.747647523880005 -8.91860294342041
312 -6.052001476287842 -2.383957862854004
275 1.1528338193893433 -3.1739320755004883
316 -0.7025268077850342 -0.8084568977355957
344 -5.712635517120361 -1.9253473281860352
222 -9.197052001953125 -3.183675765991211
207 0.07316835969686508 -1.1611607074737549
310 1.173155426979065 -3.219813585281372
248 1.0788488388061523 -3.059000253677368
186 -0.21160346269607544 -0.21791797876358032
334 -4.193769454956055 -1.5561962127685547
392 -0.9684135317802429 -0.6868013739585876
188 -1.0139251947402954 -0.7373893857002258
287 2.619014024734497 -6.185382843017578
1 -4.473419666290283 -1.9602280855178833
336 -3.019944667816162 -1.0723798274993896
236 -0.7019951343536377 -0.690716028213501
387 -9.818748474121094 -3.3615357875823975
246 -4.204167366027832 -1.5723826885223389
325 -1.4458563327789307 -0.6717929840087891
299 1.2523409128189087 -3.3780581951141357
370 4.422282695770264 -10.426373481750488
76 0.9197510480880737 -2.651007652282715
318 2.1708054542541504 -5.350295066833496
240 -4.639282703399658 -1.7193591594696045
307 -1.4895808696746826 -0.72126305103302
374 4.40725040435791 -10.374966621398926
383 -9.880692481994629 -3.3806111812591553
227 -8.957656860351562 -3.1150193214416504
249 -0.6512066721916199 -0.6679993867874146
282 -3.7062177658081055 -1.3903518915176392
215 -0.7388331294059753 -0.7072683572769165
389 -0.7464085817337036 -0.9830904006958008
137 -0.2626614272594452 -0.9842739105224609
145 -0.15146124362945557 -0.6149440407752991
202 0.32066360116004944 -1.403769850730896
97 -0.20437675714492798 -1.1263628005981445
311 1.2622958421707153 -3.3861520290374756
308 -3.349256753921509 -1.1755329370498657
123 -2.5452351570129395 -0.9627039432525635
160 1.1806639432907104 -3.22566294670105
363 -5.5089802742004395 -1.8679394721984863
235 2.097132921218872 -4.977593421936035
254 -4.673740863800049 -1.6822230815887451
390 -2.7517049312591553 -1.0662506818771362
209 2.9781346321105957 -7.091910362243652
93 1.1275230646133423 -3.126514434814453
199 1.1407729387283325 -3.109693765640259
144 -9.043310165405273 -3.1348156929016113
218 -0.6536688208580017 -0.9953893423080444
358 -0.7114776372909546 -0.977062463760376
349 -1.1753522157669067 -0.7147306799888611
152 0.29286989569664 -1.3964881896972656
220 -1.367692232131958 -0.6733030676841736
348 -0.6860519051551819 -0.9469807744026184
398 3.563952922821045 -8.517884254455566
337 -5.948126316070557 -2.382952928543091
261 -0.8812125325202942 -1.1919838190078735
386 -6.396276950836182 -2.5574581623077393
301 -4.32440185546875 -1.5960142612457275
277 -1.4376651048660278 -0.7136243581771851
366 4.1052961349487305 -9.749432563781738
360 4.308012008666992 -10.190935134887695
233 -4.272895812988281 -1.4717458486557007
276 -4.286359786987305 -1.4742733240127563
373 -9.954285621643066 -3.4061086177825928
258 -0.8239767551422119 -1.145241618156433
372 -9.850105285644531 -3.370143413543701
124 -1.2304465770721436 -0.6965932250022888
242 1.0763041973114014 -3.000978946685791
166 0.1748581975698471 -1.2226216793060303
328 -0.47932037711143494 -0.5683472156524658
313 -0.7834857702255249 -0.9602643251419067
323 -0.7555965781211853 -0.9590269923210144
255 2.4362130165100098 -5.817849636077881
224 -5.577413082122803 -1.9208310842514038
361 4.201693058013916 -10.001459121704102
326 3.4421920776367188 -8.211862564086914
335 -10.260342597961426 -3.5519800186157227
219 -6.866650104522705 -2.7790019512176514
320 -5.37253475189209 -1.8058313131332397
338 -5.334734916687012 -2.1093497276306152
285 -1.4691150188446045 -0.7208987474441528
267 -1.24735426902771 -0.7634604573249817
347 -6.589644908905029 -2.2108042240142822
394 3.2809903621673584 -7.8029890060424805
234 -3.7573442459106445 -1.3500014543533325
345 2.06588077545166 -4.85756254196167
232 -1.0262831449508667 -0.7692946195602417
300 -1.3002421855926514 -0.7132759690284729
294 -1.2407416105270386 -0.7260704040527344
351 -4.8844990730285645 -1.6994972229003906
367 -10.000978469848633 -3.438829183578491
241 0.8697299361228943 -2.540123701095581
281 1.8822938203811646 -4.425114631652832
304 -7.563902854919434 -2.5460238456726074
382 -6.287817478179932 -2.5093820095062256
257 -6.685107707977295 -2.6050682067871094
229 -9.677209854125977 -3.3659870624542236
388 -8.480097770690918 -3.515716075897217
365 -1.0351356267929077 -0.7300258278846741
128 -0.683249831199646 -1.0379316806793213
278 -4.118157863616943 -1.5222235918045044
350 -10.354095458984375 -3.664930820465088
353 -5.498349666595459 -1.9343410730361938
324 -0.49087050557136536 -0.5562452673912048
362 4.2837700843811035 -10.085734367370605
302 1.3127329349517822 -3.5930075645446777
164 2.6089489459991455 -6.2159552574157715
319 -8.999465942382812 -3.0672497749328613
272 -5.834022521972656 -2.202897548675537
217 -6.4750285148620605 -2.608097553253174
263 1.8347678184509277 -4.3511786460876465
381 -6.370627403259277 -2.5385985374450684
283 -1.168784260749817 -0.6945735812187195
342 -0.742843747138977 -0.9318464994430542
379 -0.7536258697509766 -1.025245189666748
378 -1.2391036748886108 -0.7136948108673096
226 -9.727832794189453 -3.388683795928955
315 -3.8935019969940186 -1.3337892293930054
288 -10.342476844787598 -3.564984083175659
264 -0.7286819219589233 -1.0142780542373657
332 -0.9354899525642395 -0.9709110260009766
256 -6.678494453430176 -2.6023802757263184
375 3.521838426589966 -8.350193977355957
250 -0.7666864991188049 -1.0487929582595825
297 -0.7424446940422058 -0.9315654635429382
238 0.9314755797386169 -2.56973934173584
203 -1.4598779678344727 -0.7133709788322449
329 -5.419531345367432 -1.8494600057601929
251 -6.7357707023620605 -2.311479091644287
395 4.1693010330200195 -9.961254119873047
384 -9.839021682739258 -3.368135690689087
343 -10.060729026794434 -3.5568783283233643
180 1.4183590412139893 -3.483386754989624
290 -0.6216433644294739 -1.1059924364089966
368 2.0264599323272705 -4.777099132537842
176 -2.4395196437835693 -0.9105137586593628
369 -0.7302228808403015 -1.0021419525146484
127 -5.476963520050049 -2.2081122398376465
295 1.5141634941101074 -3.5350253582000732
269 -0.9025281071662903 -1.18166983127594
225 -6.120675086975098 -2.41745662689209
321 -8.053913116455078 -3.363328456878662
293 2.5896859169006348 -6.119180202484131
289 -6.017179012298584 -2.4083893299102783
357 -7.444413661956787 -2.5386266708374023
223 -6.031619548797607 -2.380011558532715
371 4.230886459350586 -9.945446014404297
396 -7.647032260894775 -3.208414077758789
385 -6.2464399337768555 -2.4962620735168457
260 -6.827548027038574 -2.648540496826172
359 -4.236836910247803 -1.7734147310256958
393 -5.496754169464111 -2.1942191123962402
296 -6.75733757019043 -2.707686185836792
331 -9.348779678344727 -3.8844456672668457
397 -4.992713451385498 -2.0380218029022217
