12343 0.9699364900588989 0.8038017749786377
12129 1.241254210472107 0.7826266288757324
13277 1.272681474685669 0.8556015491485596
11996 1.5584490299224854 0.8784374594688416
13796 0.9864833950996399 0.8065939545631409
13476 1.098289132118225 0.8501848578453064
15061 -1.2471438646316528 2.4470365047454834
14559 -1.1708955764770508 2.4584944248199463
14314 1.224776029586792 0.8334598541259766
12889 0.9729523062705994 0.7962325215339661
13029 1.3597698211669922 0.8398137092590332
11726 1.1159632205963135 0.7766498327255249
10868 1.770362138748169 0.8837540149688721
10599 1.475083827972412 0.8360311985015869
14685 1.5640689134597778 0.8536829948425293
12953 1.4371174573898315 0.8419886827468872
13772 0.33965203166007996 0.7472105026245117
13303 1.2940913438796997 0.807415246963501
14711 1.7555879354476929 0.8406405448913574
11423 1.3584871292114258 0.8393872976303101
10155 1.295060396194458 0.8029054999351501
14679 1.1792755126953125 0.817126452922821
13232 1.5076419115066528 0.7890533208847046
15618 0.9190905094146729 0.8535909652709961
12892 1.0048669576644897 0.821828305721283
13203 2.303762674331665 1.0474064350128174
10397 1.3455392122268677 0.8003033399581909
14057 0.8549943566322327 0.7981895208358765
11298 1.141394853591919 0.7790585160255432
14856 -1.3146021366119385 2.563040018081665
12704 -1.1849384307861328 2.258840560913086
11259 1.548575520515442 0.8541123270988464
11027 1.845352053642273 0.8644999861717224
14534 1.301117181777954 0.8910976648330688
11097 1.0044822692871094 0.794868528842926
11842 2.7514407634735107 0.9551723003387451
10540 2.357654571533203 0.9676306843757629
12992 1.3070625066757202 0.889448881149292
12191 1.4056451320648193 0.8282155394554138
11537 2.5130813121795654 1.1100953817367554
11193 1.0895878076553345 0.6935776472091675
11146 2.0791871547698975 0.9748761057853699
11503 1.0281040668487549 0.8022758960723877
13198 1.159197449684143 0.8169193863868713
10800 0.9617173075675964 0.6909853219985962
13495 1.354954719543457 0.8126525282859802
13487 1.2180311679840088 0.8002462983131409
14050 1.5774122476577759 0.868280291557312
13230 1.6108976602554321 0.8715948462486267
11057 1.5075676441192627 0.8090395331382751
14100 1.4568850994110107 0.8352841734886169
11540 1.2593994140625 0.8273488879203796
10279 1.4622833728790283 0.7864537239074707
13486 0.8367391228675842 0.8759137988090515
11292 0.9456559419631958 0.8141388297080994
12278 1.397871971130371 0.8532459139823914
11867 0.9855386018753052 0.7166906595230103
10994 1.4069699048995972 0.7803324460983276
10693 1.3841612339019775 0.8008691072463989
13342 1.4592409133911133 0.8381773233413696
11042 1.7611730098724365 0.8917319774627686
13264 0.6478966474533081 0.8049901127815247
11563 0.9970505833625793 0.8406998515129089
16091 1.5932265520095825 0.8425276279449463
14512 1.1619393825531006 0.8471834063529968
14747 0.5642594695091248 0.7821642160415649
14027 1.4682972431182861 0.8744691014289856
12478 1.3717405796051025 0.7747872471809387
13667 1.6710532903671265 0.8869600892066956
12197 2.078439950942993 0.8411582112312317
11697 1.5249310731887817 0.8646454215049744
13461 1.1505908966064453 0.7619988918304443
12448 1.228346347808838 0.8045185208320618
11973 1.49326491355896 0.8593035340309143
11986 1.5832537412643433 0.8713794946670532
14814 1.4175126552581787 0.8422010540962219
15257 -1.4042620658874512 2.694772720336914
10299 -0.6299355030059814 1.5081455707550049
13367 1.4383033514022827 0.8192791938781738
12544 1.7300376892089844 0.8486248850822449
11711 0.8722178936004639 0.7349516153335571
10272 0.6706309914588928 0.7588427066802979
15374 1.676831603050232 0.8317018747329712
13244 1.0921878814697266 0.794654369354248
14082 1.4144015312194824 0.8391754627227783
10408 1.1484026908874512 0.7541868686676025
14869 1.045039415359497 0.855687141418457
11233 1.0185545682907104 0.7845235466957092
14307 1.8226102590560913 0.8989488482475281
14259 1.5290580987930298 0.8104932904243469
13851 1.2902384996414185 0.8457961082458496
13710 -1.5465099811553955 2.944627523422241
12264 1.4142462015151978 0.794087290763855
12222 2.8028128147125244 0.9971488118171692
14107 0.976050615310669 0.806594967842102
13341 1.5395444631576538 0.8708195686340332
15249 1.515464186668396 0.8429567217826843
13196 -1.4383330345153809 2.6900508403778076
11028 -1.6089311838150024 3.0276761054992676
15356 1.5243619680404663 0.8164525628089905
15841 -0.611061692237854 1.223405361175537
14828 -0.7483183741569519 1.5026164054870605
14898 0.7248777151107788 0.8221710920333862
14805 -1.2001702785491943 2.3769216537475586
12822 -1.2417975664138794 2.554323434829712
15167 1.7675467729568481 0.8026140332221985
11493 2.00639009475708 0.8128709197044373
12397 2.6236047744750977 1.0153719186782837
14321 1.529173731803894 0.8216801881790161
15153 1.577568531036377 0.9022080898284912
10792 1.7681622505187988 0.8603611588478088
10577 2.246771812438965 0.9109443426132202
15295 1.098223090171814 0.7373466491699219
10819 0.9514559507369995 0.7015590667724609
10529 1.7116974592208862 0.7970525622367859
14081 0.2745126187801361 0.7923588752746582
10463 0.15522710978984833 1.3072396516799927
14761 1.5203235149383545 0.8651331067085266
14683 1.1650577783584595 0.8117048740386963
12173 0.7276551127433777 0.8981902599334717
14843 1.228421688079834 0.8459566831588745
12339 1.4943737983703613 0.8368643522262573
13830 0.864034116268158 0.9451460838317871
13891 0.9567432403564453 0.8127236366271973
10559 0.6345072388648987 0.7401062846183777
14130 -1.4237858057022095 2.748790740966797
12831 -1.5667626857757568 3.020752191543579
13541 2.185493230819702 0.8644309639930725
11823 1.5488985776901245 0.8138611316680908
10721 1.7385517358779907 0.8406559824943542
10713 1.3402009010314941 0.8006803393363953
14633 1.5261303186416626 0.9098966717720032
10965 2.010862112045288 0.8673690557479858
12915 1.1390125751495361 0.810453474521637
10257 1.7970528602600098 0.8505094051361084
13485 1.199686050415039 0.828011691570282
10590 1.2516906261444092 0.7781493067741394
15016 1.5140714645385742 0.8412328362464905
11106 2.901946544647217 1.0953795909881592
11013 1.2255148887634277 0.8183380961418152
11789 1.4832018613815308 0.9260135889053345
10781 1.3894412517547607 0.8647233247756958
10140 1.4077953100204468 0.853175938129425
11481 1.5443089008331299 0.8599234223365784
13871 1.3297141790390015 0.8312838673591614
10136 1.4969561100006104 0.8542905449867249
13290 1.5512363910675049 0.8582645058631897
13422 1.6332581043243408 0.8865020871162415
11066 1.676558256149292 0.8930420279502869
15601 0.8801478147506714 0.7863231301307678
11638 1.05522620677948 0.811408281326294
14696 1.3248575925827026 0.7911478281021118
13052 0.5601866245269775 0.5621693730354309
11603 1.0760442018508911 0.791623055934906
14122 1.3142850399017334 0.8037409782409668
12323 1.6992422342300415 0.903927206993103
14908 1.289304494857788 0.8435832858085632
15741 -0.9453368782997131 1.3256360292434692
12253 -1.2917540073394775 1.8908179998397827
11865 1.045688271522522 0.8712995648384094
13930 1.4036117792129517 0.8011587262153625
11174 2.3212814331054688 0.8634127974510193
12884 1.849745750427246 0.951580822467804
14282 -1.3449246883392334 2.619316339492798
12851 -1.4970817565917969 2.8522489070892334
14831 1.2272212505340576 0.8450803756713867
13158 1.2891229391098022 0.8920134902000427
14771 0.9877725839614868 0.8236947059631348
12721 -1.3789862394332886 2.831031322479248
10170 -1.7113739252090454 3.2829668521881104
12389 0.9446991086006165 0.8980532884597778
15502 1.4319934844970703 0.8623700737953186
15376 1.3765581846237183 0.8547599911689758
15024 1.0250184535980225 0.7849920988082886
12451 1.5277678966522217 0.8710905313491821
12217 1.495133399963379 0.8625454306602478
11086 0.9661298394203186 0.8128693699836731
15096 1.734735131263733 0.8578835725784302
12348 1.73629629611969 0.8312526941299438
14627 -1.3625352382659912 2.6502492427825928
10416 -1.8828843832015991 3.527470350265503
14635 1.293106198310852 0.8252219557762146
12898 1.9770185947418213 0.9584401249885559
15919 1.4280656576156616 0.8733047246932983
12755 -1.4497268199920654 2.8277125358581543
11618 1.6816030740737915 0.8627886772155762
10849 1.0543873310089111 0.736676037311554
11637 1.039668083190918 0.8152377605438232
10409 1.1025046110153198 0.8726391196250916
14119 -1.7490934133529663 3.352745532989502
12638 -1.7065603733062744 3.3080265522003174
14092 1.6679763793945312 0.9272212982177734
15862 -1.3103337287902832 2.603442430496216
13770 -1.3853868246078491 2.7019126415252686
14255 1.734944462776184 0.7632243633270264
12587 3.389521598815918 1.2598367929458618
10785 1.8447281122207642 0.8092716336250305
11109 1.1033371686935425 0.8151518702507019
11617 1.8239679336547852 0.9229919910430908
11267 1.5394641160964966 0.8692700266838074
14853 0.9308228492736816 0.8211577534675598
14730 1.2820912599563599 0.7714095115661621
14492 1.2838261127471924 0.8041338920593262
13795 1.2175601720809937 0.8034610152244568
14574 1.5582939386367798 0.8733429312705994
11433 1.6094326972961426 0.8564079999923706
11337 1.597286581993103 0.8196302056312561
10631 1.3071563243865967 0.7061025500297546
11445 -1.9570622444152832 3.7697346210479736
10926 -1.6943382024765015 3.225249767303467
10996 -1.627615213394165 3.0972373485565186
14797 -0.8360441327095032 1.5361125469207764
12175 -0.8978687524795532 1.7212092876434326
10154 2.1294825077056885 0.8753514885902405
11775 1.0996793508529663 0.8226909637451172
13873 -1.1155743598937988 2.199164390563965
10139 -1.063971996307373 2.1069860458374023
14477 -0.8147216439247131 1.2152107954025269
13002 -1.5305018424987793 2.3211498260498047
11721 1.1217827796936035 0.7829899191856384
13256 1.3988535404205322 0.8694748878479004
11995 1.7085968255996704 0.889519989490509
10158 2.017026901245117 0.9139801859855652
11278 1.5814924240112305 0.8615794777870178
11577 2.794187545776367 1.1267300844192505
12878 1.7130732536315918 0.891044020652771
10298 1.8674566745758057 1.093533992767334
14108 1.3388314247131348 0.8447057604789734
15370 1.2624233961105347 0.7846380472183228
13061 1.1122339963912964 0.7983748316764832
12917 1.5653953552246094 0.8623819947242737
10683 1.531781792640686 0.889596164226532
11884 0.8884385824203491 0.8402983546257019
14588 1.508339524269104 0.902301549911499
10194 1.2367311716079712 0.8378527164459229
14524 1.736638069152832 0.8763192296028137
11450 0.889626681804657 0.7295717000961304
15887 -1.3794806003570557 2.6842029094696045
14689 1.0089062452316284 0.7873762845993042
13121 2.318437099456787 1.0264805555343628
13535 2.8344852924346924 1.0434179306030273
11899 3.206890344619751 1.1493113040924072
10933 1.2822113037109375 0.6301780939102173
12945 1.5064398050308228 0.8607451915740967
14792 2.4685847759246826 1.0890237092971802
14577 2.030935049057007 0.9759121537208557
10434 1.640613079071045 0.8324781060218811
10165 -0.5646944642066956 1.3423206806182861
13931 1.384909987449646 0.815294623374939
12676 -1.5364160537719727 2.8756933212280273
12896 1.2851852178573608 0.8138125538825989
11921 1.1114410161972046 0.8204979300498962
10056 -1.4507544040679932 2.7313232421875
12394 2.1033337116241455 0.946389377117157
12244 2.899458646774292 1.0682628154754639
11764 2.3079030513763428 0.9273003339767456
10466 1.1138230562210083 0.786114513874054
15043 1.5822842121124268 0.8848466873168945
10747 1.2535991668701172 0.7873357534408569
11067 1.5616852045059204 0.8657114505767822
12324 1.0551878213882446 0.7949168682098389
11550 -1.6289074420928955 3.0995423793792725
12853 -1.415714979171753 2.766862154006958
10304 -1.7977310419082642 3.4132394790649414
12007 1.729276180267334 0.837154746055603
13087 0.3453667163848877 0.7222670316696167
11982 1.2083218097686768 0.831722617149353
14112 1.5563738346099854 0.8530442714691162
10874 1.761593222618103 0.8912118077278137
15879 2.0510144233703613 0.8191946148872375
10676 0.9164584875106812 0.6012591123580933
13377 1.356959342956543 0.8104371428489685
10268 1.5989313125610352 0.9995961785316467
14893 0.7924590110778809 0.8511988520622253
12003 1.0505568981170654 0.8464534878730774
10666 0.6778391599655151 0.7594422101974487
15579 -1.5370508432388306 2.9740960597991943
11844 -1.762081503868103 3.3087382316589355
13360 1.7178739309310913 0.8601686954498291
11977 1.5128167867660522 0.8680034875869751
13964 0.6013648509979248 0.8248238563537598
12280 0.8714526891708374 0.8946097493171692
10185 1.4674700498580933 0.7791928648948669
13105 1.5635383129119873 0.6925550103187561
14670 1.7434003353118896 0.9249535799026489
16133 1.6135649681091309 0.9194358587265015
11111 1.4259952306747437 0.8439675569534302
12719 -1.552229404449463 2.9000024795532227
15304 1.6272369623184204 0.913044810295105
10216 1.8147571086883545 0.8976853489875793
11252 1.8136330842971802 0.9034097790718079
13832 2.4510061740875244 1.0279322862625122
10141 1.2273463010787964 0.8648515343666077
10643 0.7772552967071533 0.7025609016418457
15380 1.5111514329910278 0.810335636138916
14570 1.2254172563552856 0.8403084874153137
10581 2.06723952293396 0.8592512607574463
14576 1.4150208234786987 0.863113522529602
10731 1.7281113862991333 0.836317241191864
10208 1.7068477869033813 0.8190242648124695
14252 0.975932240486145 0.8758348226547241
14288 1.270686149597168 0.8181383609771729
14952 1.5077420473098755 0.8193901777267456
11898 1.1662415266036987 0.8282057046890259
14895 -1.3505887985229492 2.5924489498138428
11630 -0.9935843348503113 2.016819715499878
11615 3.0787434577941895 1.0091701745986938
10754 -1.3629781007766724 2.6571450233459473
10247 -0.8229771256446838 1.7879447937011719
14262 1.079820990562439 0.8624188899993896
11411 -1.1629323959350586 2.104647636413574
11648 1.0021672248840332 0.814035952091217
11441 0.9462637901306152 0.6658556461334229
10821 1.6607961654663086 0.8439447283744812
14150 1.0602940320968628 0.7051347494125366
10423 1.0950254201889038 0.7773489356040955
14987 -1.3738985061645508 2.6121504306793213
15085 -1.3618091344833374 2.628878116607666
12807 -1.5993269681930542 3.0140225887298584
15412 1.444535493850708 0.8433153033256531
16680 2.1350479125976562 0.8307052254676819
11484 -1.0345219373703003 1.489572286605835
14306 1.8123805522918701 0.7385849356651306
11003 1.4237736463546753 0.8457177877426147
14098 1.5415335893630981 0.822767972946167
10431 1.558065414428711 0.8297823667526245
10980 1.392775058746338 0.849037230014801
10775 -1.3200559616088867 2.6267201900482178
15074 1.5345674753189087 0.8384191393852234
10779 1.4759483337402344 1.114928126335144
11049 1.7396619319915771 0.8935993313789368
13241 1.6935402154922485 0.8614673018455505
12758 0.7198953032493591 1.0083385705947876
11790 2.1126551628112793 0.8051837682723999
13898 1.2644295692443848 0.8009948134422302
14273 -1.5369170904159546 3.0274367332458496
11336 -1.59769606590271 3.0570499897003174
13139 2.0051581859588623 0.9208506345748901
12266 1.0795947313308716 0.8243447542190552
12441 1.1441980600357056 0.8209502696990967
14716 0.9657201170921326 0.7235420942306519
15054 2.8808114528656006 1.2878317832946777
12228 1.8946441411972046 1.003653645515442
15027 1.060512900352478 0.7563439011573792
15798 -1.3953989744186401 2.7365825176239014
11492 -1.5564500093460083 3.0346784591674805
11588 0.32519349455833435 0.8624967336654663
11140 1.4510618448257446 0.8555306196212769
12549 0.806282103061676 1.205644130706787
12124 2.441347122192383 1.002480387687683
12390 1.6199660301208496 0.8705772161483765
13464 0.9699851870536804 0.8094130754470825
15048 1.6180247068405151 0.9338465929031372
10627 1.2464560270309448 0.7814039587974548
12523 -0.7367919683456421 1.4099655151367188
10886 -0.937524139881134 1.630658745765686
11165 1.621055245399475 0.876636803150177
14875 2.3793301582336426 0.9325512051582336
14905 0.7733838558197021 0.8528819680213928
11612 1.353978157043457 0.8469160199165344
14942 -1.4357531070709229 2.9258668422698975
12184 -1.6134436130523682 3.1750268936157227
10732 1.229978322982788 0.7606828808784485
10815 2.479217052459717 0.8915156126022339
12819 -0.957275927066803 1.6447348594665527
15626 0.2621064782142639 0.8454465866088867
11126 -0.09346485882997513 1.0509194135665894
11456 2.5432074069976807 0.9735236763954163
16704 1.5627515316009521 0.8046033978462219
14553 2.0963122844696045 0.9329230785369873
11076 1.4992502927780151 0.8328506946563721
14744 0.7049031257629395 0.9495440125465393
11695 0.4553734064102173 0.7898680567741394
12728 -0.8752216696739197 1.635926365852356
12610 -0.8177245855331421 1.564927101135254
14004 0.49518269300460815 0.7676511406898499
14193 1.2779908180236816 0.8555583357810974
12748 -1.8001246452331543 3.3976221084594727
10245 -1.864357352256775 3.560805082321167
10327 0.9429000020027161 0.8282685875892639
15385 -1.3912774324417114 2.7155022621154785
13127 1.0940924882888794 0.8246310949325562
15339 -1.5163625478744507 2.8867454528808594
11280 -1.5985801219940186 3.0340359210968018
12087 -1.7109909057617188 3.2434048652648926
14234 -1.400434970855713 2.7249627113342285
15634 1.3929696083068848 0.7179237604141235
14539 2.413149118423462 0.9253891706466675
13296 1.5740176439285278 0.8854592442512512
12314 1.1718839406967163 0.8488940596580505
13884 3.3114876747131348 1.208492398262024
10558 1.5543476343154907 0.9592248797416687
13577 1.615326166152954 0.857268214225769
13434 -1.4590381383895874 2.734499931335449
10551 -1.6985336542129517 3.2736737728118896
15325 0.7637459635734558 0.848371684551239
10225 -0.7476816773414612 1.686574935913086
13415 -1.1177207231521606 2.2246460914611816
10990 1.9546406269073486 0.8990302681922913
13655 0.7965565919876099 0.7715662121772766
10329 1.7289538383483887 0.8523451089859009
11941 -1.1654635667800903 2.219526767730713
12320 2.0642144680023193 0.9366786479949951
13958 1.6462764739990234 0.7449803948402405
10620 1.081948161125183 0.8020365238189697
14131 1.7297362089157104 0.8579983115196228
12055 1.5164529085159302 0.8373056054115295
14783 1.361435055732727 0.8784626722335815
10372 0.856769859790802 0.740027129650116
12094 1.133889079093933 0.8629074692726135
15448 -1.4571059942245483 3.0018422603607178
15478 -1.2381006479263306 2.4500107765197754
11953 1.7792842388153076 0.8960979580879211
14709 -1.374929428100586 2.5902085304260254
11778 1.3579984903335571 0.7091981768608093
13933 2.311506748199463 1.003218412399292
13204 1.4054625034332275 0.8562571406364441
12934 1.5504004955291748 0.6928068995475769
12635 -2.203307628631592 4.176079750061035
11511 -1.7737258672714233 3.4113640785217285
11203 1.404958724975586 0.8106207251548767
14487 0.421663761138916 0.8934019207954407
15389 0.7851479649543762 0.9025411605834961
12294 -1.6304713487625122 3.1379170417785645
11531 1.6007819175720215 0.8274828195571899
14877 1.4599242210388184 0.8134711980819702
15422 0.15588873624801636 0.7373125553131104
13579 -1.5281864404678345 2.8886754512786865
12779 -1.508936882019043 2.9047489166259766
10557 1.355049729347229 0.8427878618240356
15293 -1.5301281213760376 2.9054503440856934
15163 1.836495280265808 0.8736274242401123
15855 2.059720277786255 0.7849987149238586
12737 -1.7305186986923218 3.2732982635498047
16603 -1.0735397338867188 1.600659966468811
11669 1.2203834056854248 0.7983667850494385
11415 1.2957156896591187 0.7685186266899109
10654 1.7920222282409668 0.8537436723709106
16479 2.3121461868286133 0.895325779914856
14256 -1.2252721786499023 2.16363787651062
14113 1.1995970010757446 0.8970436453819275
12772 -1.562253475189209 3.089623212814331
10243 -1.7633212804794312 3.371530055999756
12954 1.1618404388427734 0.8125475645065308
11980 1.0030566453933716 0.8075911998748779
12156 1.1818739175796509 0.81995689868927
12769 -1.5005813837051392 2.8866007328033447
13076 1.9445677995681763 0.9239134788513184
14960 1.4015109539031982 0.8863360285758972
12891 1.456811785697937 0.8702239394187927
14013 -1.455318570137024 2.767317295074463
15825 1.5850841999053955 0.8771601915359497
10778 1.3097636699676514 0.8573540449142456
12391 1.754316806793213 0.8508312106132507
10333 1.716549277305603 1.0230306386947632
10135 1.6897251605987549 0.9106804132461548
14102 -1.1491023302078247 2.282942056655884
10640 -1.4709711074829102 2.725072145462036
15070 1.6688114404678345 0.8948684930801392
11122 1.0219171047210693 0.8207905888557434
10349 -1.2358653545379639 2.5303709506988525
12141 -1.0618033409118652 2.0278968811035156
14400 4.076389312744141 1.4780410528182983
14919 -1.6671638488769531 3.159025192260742
11241 -1.8306663036346436 3.3595693111419678
13388 1.2882463932037354 0.8296043872833252
10478 2.1617746353149414 0.9938868284225464
11510 1.3101497888565063 0.8636777400970459
13942 -1.159888744354248 2.1679651737213135
13731 3.4775755405426025 1.2251989841461182
10661 0.0830768272280693 1.1163604259490967
12671 -1.370665431022644 2.7766330242156982
12321 -1.7366483211517334 3.249767541885376
15794 -1.1716058254241943 2.348848819732666
13184 2.213205337524414 0.9320424199104309
16567 -1.9478890895843506 3.7808661460876465
14738 -1.605898380279541 3.1565911769866943
11123 1.7806246280670166 0.8459500670433044
13619 1.572478175163269 0.8620619177818298
12888 1.0441821813583374 0.8683580756187439
14489 0.7237020134925842 0.8362529873847961
11931 1.3203058242797852 0.7260891199111938
15569 1.2890031337738037 0.8315109610557556
10184 -0.7583683729171753 1.6307636499404907
10171 1.641507863998413 0.8546351790428162
13459 1.6162077188491821 0.8870019316673279
12206 1.601869821548462 0.8797458410263062
12844 -1.1563019752502441 2.2368760108947754
10322 0.3346885144710541 0.4574018120765686
12147 0.2753428518772125 0.4081856906414032
11870 0.2022233009338379 0.7168838381767273
15069 -1.6103847026824951 3.174072027206421
11447 0.8028939366340637 0.8242684602737427
13682 1.0621331930160522 0.7331329584121704
11555 -1.810025691986084 3.4430172443389893
11150 1.2470860481262207 0.8049469590187073
15554 -1.4597456455230713 2.769963264465332
11719 0.8912047147750854 0.776395857334137
16540 1.5790703296661377 0.7126656770706177
14275 1.390826940536499 0.8965478539466858
11376 1.4639887809753418 0.821019172668457
13151 0.36793309450149536 0.6446267366409302
13970 -1.1840242147445679 2.2966911792755127
12559 1.4341332912445068 0.6006345748901367
11176 2.0366811752319336 0.7833181023597717
11728 2.5239500999450684 0.9382820129394531
15045 0.40074390172958374 0.7948543429374695
11344 0.26813778281211853 0.8683234453201294
16101 0.7029452323913574 0.7910779118537903
12902 0.88475102186203 0.7520977258682251
10739 0.8739892244338989 0.6631637811660767
12782 -1.847835659980774 3.423997402191162
10053 -0.4541141390800476 1.1535584926605225
16498 1.7248347997665405 0.8075056672096252
10469 1.7090730667114258 1.1023268699645996
12641 -1.6892979145050049 3.2825167179107666
15721 -1.289526104927063 2.492363691329956
10999 0.14766603708267212 1.4109593629837036
15861 -1.0742769241333008 2.11191725730896
13806 -1.1000384092330933 2.0326454639434814
11961 1.565313458442688 0.6468733549118042
10647 2.4486029148101807 0.9992732405662537
12223 1.682316541671753 0.7995378375053406
15656 2.0489234924316406 0.7936917543411255
15624 1.251272439956665 0.8425351977348328
15245 -1.1806082725524902 2.390805244445801
14457 1.131438136100769 0.7677686214447021
14804 -1.2060737609863281 2.253161668777466
13347 0.7346229553222656 1.2143710851669312
13768 -1.3329287767410278 2.563300371170044
12365 2.0290749073028564 0.7754775881767273
10414 2.8334672451019287 1.0155506134033203
15049 -1.201377034187317 2.3764913082122803
10685 1.232123851776123 0.7820661067962646
11375 1.5378283262252808 0.9850943088531494
10923 -1.1044167280197144 2.2834842205047607
12268 -1.2175577878952026 2.2331326007843018
14672 0.9995989203453064 0.7687692642211914
13282 2.1591274738311768 0.9076277613639832
13297 0.3612264394760132 0.7793253660202026
13433 1.0957202911376953 0.8239134550094604
12899 0.8522500991821289 0.8275583386421204
11468 1.005239486694336 0.7819983959197998
15709 -1.0961543321609497 2.2391409873962402
12363 0.5540438890457153 0.6238191723823547
11214 -1.184084177017212 2.487192392349243
14557 2.307075023651123 0.8752143383026123
13700 2.244093418121338 1.1026043891906738
14474 -1.4574313163757324 2.7385895252227783
12615 -1.5411338806152344 2.892537832260132
13397 -0.7756524085998535 1.8814882040023804
12108 2.524721145629883 0.9036238193511963
11525 1.16177499294281 0.6880820393562317
14530 1.1346032619476318 0.8378545641899109
15323 1.342725396156311 0.7718995213508606
11506 0.7698171138763428 0.7013643383979797
13502 1.3738248348236084 0.9162160158157349
11517 1.3252520561218262 0.8178699612617493
14320 1.5463712215423584 0.7972138524055481
15700 -1.397085189819336 2.745450735092163
13894 -1.397056221961975 2.687432289123535
14718 -1.4314600229263306 2.746112585067749
15057 1.5931288003921509 0.8517515659332275
14006 1.9760276079177856 1.0230107307434082
10347 1.0511444807052612 1.0229305028915405
12784 -1.5342049598693848 2.988302230834961
12932 2.2972662448883057 0.8781252503395081
14109 1.3619050979614258 0.8680180311203003
14430 2.184330701828003 1.0814862251281738
14197 1.1447205543518066 0.7300213575363159
12720 -1.7030240297317505 3.21985125541687
10325 1.0554208755493164 0.8054253458976746
11085 1.1037932634353638 0.7193248867988586
11308 1.1971734762191772 0.7596040368080139
10146 1.4443433284759521 0.8838745355606079
14088 -1.4260121583938599 2.823319673538208
12519 0.6312111020088196 0.9119033217430115
10405 -1.600311279296875 3.124354362487793
13295 1.5840208530426025 0.8841468691825867
11643 -1.2595479488372803 2.469235420227051
14447 0.9557791948318481 0.7714930772781372
10561 0.8482158780097961 0.8790104985237122
14802 1.9625364542007446 0.8436526656150818
12265 2.0304176807403564 0.8679722547531128
12882 1.663841724395752 0.8924227356910706
16218 0.9357584714889526 0.8929955959320068
10313 -1.747718095779419 3.2899978160858154
15582 0.8366184234619141 0.8445607423782349
13369 -1.40254545211792 2.6590356826782227
13540 0.46734246611595154 0.8936778903007507
11762 0.23607729375362396 0.8699170351028442
10041 -1.457724690437317 2.7382233142852783
12633 -1.0577319860458374 1.6754628419876099
13344 2.090867042541504 1.0142600536346436
13936 1.1858906745910645 0.6668470501899719
16429 2.0675315856933594 0.826858639717102
15570 1.069481611251831 0.7884985208511353
16520 2.0510506629943848 0.7763890027999878
14646 1.3482050895690918 0.9156036972999573
15785 -1.088550329208374 2.1418251991271973
14125 -1.1029651165008545 2.216461181640625
11624 2.5784454345703125 1.0947374105453491
13767 -1.2786108255386353 2.5093750953674316
13704 -1.6492669582366943 3.253997325897217
11227 -1.7522544860839844 3.34142804145813
10348 1.1849043369293213 0.484369695186615
10630 0.9000227451324463 0.8171175122261047
15481 1.4645603895187378 0.6905353665351868
13934 -1.4251008033752441 2.775773286819458
14816 -1.5725336074829102 2.9456067085266113
11871 0.401699036359787 0.5619292855262756
14986 1.5068532228469849 0.8776453733444214
14880 -1.5148468017578125 2.87813138961792
15248 -1.426700472831726 2.6758649349212646
11535 -1.550237774848938 2.930788278579712
15020 1.512333631515503 0.7897629141807556
16454 2.4759089946746826 0.9286791682243347
12235 -1.3468858003616333 2.622012138366699
12214 -1.5652672052383423 2.943742036819458
15344 0.8097140789031982 0.8924713134765625
15713 4.158705234527588 1.3897476196289062
12709 -1.6823320388793945 3.2183825969696045
15411 1.2512696981430054 0.8726939558982849
13788 1.2804993391036987 0.8170926570892334
15628 1.6186898946762085 0.7889177799224854
16543 2.3149304389953613 0.9140992760658264
10198 2.3062219619750977 0.8787416815757751
15282 -1.3397892713546753 2.660128355026245
11756 -2.414339303970337 4.631242275238037
12185 1.1460508108139038 0.814200222492218
10744 1.2053303718566895 0.9311696887016296
11845 -1.2826063632965088 2.6601064205169678
12307 0.6599604487419128 0.6655033826828003
15708 -1.4979431629180908 2.219557046890259
15707 -1.6385084390640259 2.4832141399383545
12982 1.0395138263702393 0.9797620177268982
14295 -1.6415163278579712 2.49847149848938
11646 -1.6660072803497314 2.5539896488189697
14467 0.5138307809829712 0.913271963596344
11538 0.3285435736179352 0.723351240158081
11952 -1.3639214038848877 2.6149368286132812
12250 2.7540996074676514 0.9497405290603638
11885 -1.579115867614746 3.0068612098693848
15458 0.2477928102016449 1.152470350265503
13809 1.3767083883285522 0.8714171648025513
14712 0.7008370757102966 0.8253291845321655
11833 -1.1823136806488037 2.39025616645813
16739 0.8927902579307556 0.824831485748291
12574 0.8055803775787354 0.6686621904373169
14691 0.9894552826881409 0.7607631087303162
13890 0.4331453740596771 0.5904937386512756
10385 0.7420053482055664 0.8142822980880737
10065 -1.5542198419570923 3.080357313156128
12653 -1.3641878366470337 2.7716708183288574
13046 3.130584239959717 1.3360345363616943
14698 0.9492242336273193 0.8864288926124573
14656 1.6335703134536743 0.8466848731040955
11641 1.7473170757293701 0.8505446314811707
11834 1.4568449258804321 0.8040502667427063
14493 -1.0613666772842407 1.985592246055603
15236 -0.6923473477363586 1.4073023796081543
11245 -0.7034822106361389 1.3260977268218994
10838 0.8831413984298706 0.9379019141197205
12868 -1.5153396129608154 2.8301970958709717
14468 -1.9998160600662231 3.6057231426239014
14268 -1.6719419956207275 3.045424461364746
15447 1.439281702041626 0.7495489716529846
11188 -0.9734417796134949 1.7186051607131958
12956 0.8883636593818665 0.9584177732467651
15171 -1.4746869802474976 2.754798650741577
12866 -1.4659861326217651 2.891772747039795
13450 2.599827289581299 0.9182049632072449
15532 0.1605706661939621 1.021088719367981
11399 0.12723428010940552 1.1968986988067627
12412 0.2667483985424042 0.6569973230361938
15160 -1.5031529664993286 2.7678394317626953
14303 0.9500590562820435 0.827021062374115
14628 -1.1233727931976318 1.6818857192993164
15041 0.7865768074989319 0.8585542440414429
11098 0.29776129126548767 0.7313897609710693
10910 1.3400790691375732 0.6551652550697327
11883 2.8064444065093994 0.997657835483551
11908 1.0630728006362915 0.7904518842697144
11905 1.8593915700912476 0.9462438225746155
11559 -1.6670986413955688 3.087857484817505
12195 -1.5108253955841064 2.9621894359588623
11869 0.28342312574386597 1.0021800994873047
13211 2.0673651695251465 0.9235685467720032
15023 1.0356767177581787 0.8269997239112854
14794 0.8689562082290649 0.9133387207984924
13629 -1.6542787551879883 3.0602705478668213
10396 -1.3985353708267212 2.7813284397125244
15882 2.4549076557159424 1.0476738214492798
16428 0.09296677261590958 1.182802438735962
14674 1.3773424625396729 0.7813683152198792
13109 0.6876603364944458 1.1651604175567627
11288 0.8765745759010315 0.807221531867981
13398 1.833107829093933 0.7332915663719177
11675 3.1575138568878174 1.076344609260559
16721 2.1156818866729736 0.9640352129936218
15093 1.179640769958496 0.8606469035148621
11827 3.3533453941345215 1.3157424926757812
12598 1.3458877801895142 0.7869229316711426
15250 -1.0793489217758179 2.0896615982055664
10172 1.3854589462280273 0.9925640821456909
10589 2.408356189727783 0.9787740111351013
13034 0.8000642657279968 1.2157694101333618
15124 -1.3649475574493408 2.6266164779663086
16709 0.9805538058280945 0.7897071242332458
14182 2.578481435775757 0.9589669108390808
12392 1.875763177871704 1.0219788551330566
11331 2.8064746856689453 1.08286452293396
12511 1.7101205587387085 0.8139263391494751
11587 1.9271959066390991 1.0055893659591675
13125 2.751674175262451 1.0164575576782227
13008 2.976743698120117 1.0690670013427734
16654 -1.7019621133804321 2.6445398330688477
12652 -1.4580652713775635 2.207852840423584
12492 0.8808613419532776 1.1244769096374512
14397 1.5293110609054565 0.8115205764770508
13714 -1.4975098371505737 2.901926040649414
13307 1.4148136377334595 0.8464735150337219
11058 0.5782032608985901 0.6908078789710999
15310 0.5427613854408264 0.611508309841156
12951 1.8468377590179443 0.9515905976295471
15511 0.9983415603637695 0.8279001116752625
13348 1.2023054361343384 0.8366138935089111
14842 1.059531807899475 0.7463299632072449
12708 -1.5695087909698486 3.0521042346954346
11994 1.2613685131072998 0.6346105933189392
14231 2.1624839305877686 0.8464547395706177
13418 1.1972969770431519 0.6451660394668579
10476 0.34937694668769836 1.1964972019195557
15504 -1.5138565301895142 2.8743064403533936
14485 -1.1541751623153687 2.1447556018829346
12370 -0.8370150327682495 1.5772264003753662
11007 -1.3244309425354004 2.4761719703674316
10241 -0.8545191884040833 1.7613621950149536
16665 0.9369840621948242 0.6509512662887573
15177 0.7193136811256409 0.6695857048034668
12171 -0.8130757808685303 1.613215684890747
14332 2.3429598808288574 0.8991013169288635
16340 -0.995398998260498 1.462315559387207
12119 3.3275632858276367 1.260659098625183
10728 1.21849524974823 0.9137406945228577
11495 1.374413013458252 0.7243149876594543
14025 2.165968656539917 0.9088538289070129
11699 2.2753701210021973 1.0601292848587036
10562 1.9356493949890137 1.0463778972625732
15842 1.597333312034607 0.8541916012763977
15011 1.7273999452590942 0.9560303688049316
13829 1.3425168991088867 0.854310929775238
13983 1.2849891185760498 0.9490422606468201
12263 2.5807697772979736 1.1565419435501099
14871 0.5381617546081543 0.6478058695793152
13785 -0.6274672746658325 0.7267469763755798
11367 -1.0714070796966553 1.6942616701126099
15754 -0.8762174248695374 1.2819008827209473
12815 -1.3567519187927246 1.8066860437393188
11092 0.7727831602096558 1.0205005407333374
11392 -2.8977138996124268 5.612609386444092
11714 2.568389654159546 1.067718744277954
13292 -1.2809442281723022 2.3675270080566406
13507 1.1755610704421997 0.5937799215316772
10687 1.460510492324829 0.638289749622345
14736 0.9935744404792786 0.8183794021606445
12591 -1.1153095960617065 2.163320541381836
10770 -2.455242156982422 4.598033428192139
15086 -1.6517847776412964 3.024376153945923
13674 1.664832353591919 0.7480275630950928
14167 -1.697269320487976 3.2099921703338623
10917 -2.1077756881713867 3.951643228530884
13072 1.240207314491272 0.8557595014572144
11938 1.2258092164993286 0.810357928276062
11512 -1.6734981536865234 3.079723596572876
14938 1.5558303594589233 0.7782655358314514
14412 -1.6095876693725586 3.1015372276306152
16681 2.867908477783203 1.050943374633789
12916 2.8523125648498535 1.0593732595443726
15381 1.3515490293502808 0.8546542525291443
10615 0.7531183958053589 1.009748935699463
13827 0.8934983611106873 0.9131295084953308
10613 3.191737413406372 1.1627998352050781
13259 1.4133979082107544 0.9553430080413818
13693 -1.242203950881958 1.7437855005264282
16730 1.5902575254440308 0.6248900890350342
10033 -0.5110422968864441 1.2756894826889038
14520 1.520424723625183 0.9003097414970398
12335 1.8806793689727783 0.8937380313873291
13947 1.318078637123108 0.7422955632209778
16553 2.3756144046783447 0.607181966304779
11470 0.9448930025100708 0.9359915852546692
14120 0.9608439207077026 0.8114106059074402
13032 2.1779801845550537 1.0307137966156006
13587 1.3659065961837769 0.8549133539199829
16353 1.3784971237182617 0.7845416069030762
12841 -1.7616972923278809 3.4257538318634033
11413 0.9473137259483337 0.7722489833831787
15853 -1.6313121318817139 3.0986859798431396
11825 -1.2557860612869263 2.3686156272888184
15203 2.2914819717407227 0.8858206868171692
12388 1.9872323274612427 0.9020676612854004
14996 1.596211314201355 0.7630221247673035
14863 -1.568444848060608 2.940467596054077
13467 -1.267347812652588 2.4720468521118164
15275 2.3603687286376953 1.0133662223815918
15278 -1.4552109241485596 2.8818869590759277
11421 1.35444176197052 0.9040104150772095
13715 -1.6534147262573242 3.122157096862793
11725 2.1616554260253906 0.9920142889022827
11997 -0.8866119384765625 1.744362711906433
11522 -0.22353115677833557 1.4337670803070068
10930 0.13051190972328186 1.3512786626815796
11317 -0.6738530993461609 1.5050002336502075
15725 -1.081199049949646 2.3237171173095703
12155 1.8356544971466064 0.9059600830078125
14582 -0.9666232466697693 2.0968644618988037
12016 -0.5641610622406006 1.625573992729187
12211 0.9441308379173279 0.6747788786888123
11619 -0.9612002372741699 1.7646541595458984
15008 1.3590023517608643 0.7807190418243408
16727 2.6518797874450684 0.9440973401069641
13987 2.0572381019592285 0.7245358228683472
12855 -1.4774444103240967 2.8587934970855713
14745 1.0243393182754517 0.8250119090080261
15525 1.109879493713379 0.9694517254829407
10204 -1.0251970291137695 1.767448902130127
15930 0.214652881026268 0.8534887433052063
13111 -1.0622941255569458 2.1018104553222656
14054 0.6203861236572266 0.7156107425689697
12103 0.3312704563140869 0.9549276828765869
13117 0.8203898668289185 0.6013779044151306
10017 -1.432906150817871 2.70119047164917
14533 1.3862295150756836 0.8840423226356506
12455 1.4057270288467407 0.6350744366645813
16363 1.6250845193862915 0.7502298355102539
16743 0.957913339138031 0.859329104423523
12131 0.6677743196487427 0.6052606701850891
10670 2.339862585067749 0.8091300129890442
12255 1.077379584312439 0.8993076086044312
14572 -0.7704305052757263 1.1550707817077637
11471 1.390842080116272 0.7721379995346069
12663 -1.8131786584854126 3.502812385559082
14475 0.5683667063713074 0.6949315667152405
16647 -0.19374004006385803 1.1171109676361084
14222 -0.1171349287033081 1.1089301109313965
12944 2.5626683235168457 0.9381691813468933
13543 1.5876071453094482 0.9503897428512573
16731 2.09603214263916 0.8540833592414856
14704 2.113085985183716 1.0157886743545532
11041 0.7986180782318115 0.6247472167015076
12039 0.8280834555625916 0.6223183274269104
15440 1.250722885131836 0.7068547010421753
10157 -0.1321028470993042 1.416242241859436
15650 0.44357946515083313 0.628839373588562
10011 0.15833401679992676 1.3076794147491455
13182 2.314640998840332 0.9140728712081909
10460 1.070745825767517 0.7672702074050903
13546 0.6610047817230225 0.7327545881271362
14236 1.184536337852478 0.857842206954956
11479 0.11870423704385757 0.7293692827224731
13200 0.7033746838569641 0.881172239780426
14062 -0.7323305606842041 1.223418116569519
12018 0.6527925133705139 0.8050962686538696
12315 -1.8785597085952759 3.750220537185669
15401 1.5067787170410156 0.8418091535568237
12553 -0.1586374044418335 1.0172703266143799
12132 0.6331483721733093 0.7771018147468567
14819 0.11835736781358719 0.7508254647254944
10783 -1.545573353767395 2.883352518081665
16345 -0.9681211709976196 1.393964171409607
11274 1.5927953720092773 0.7866393327713013
10016 -1.5087077617645264 3.0590038299560547
10380 2.269023895263672 1.0023030042648315
13077 1.0978939533233643 0.869998037815094
13676 -1.3101210594177246 2.5207738876342773
13520 0.6883862018585205 1.2350695133209229
12436 -0.24642027914524078 0.6619468331336975
10617 -0.15931038558483124 0.7679077386856079
15991 -0.7054125070571899 1.4921544790267944
10925 0.291400283575058 1.0905084609985352
16311 -1.5406630039215088 2.9820759296417236
16715 2.342038154602051 0.8872367739677429
11050 0.428072065114975 0.7052863836288452
11283 0.7605116963386536 0.887986958026886
12622 -1.1851744651794434 1.8590855598449707
15215 -0.7513131499290466 1.8608324527740479
15446 -1.8397676944732666 3.4118492603302
14254 1.7045111656188965 0.9059159755706787
13949 0.952582597732544 0.8289740085601807
15838 -1.7798411846160889 3.34806489944458
16736 1.9523423910140991 0.8229601979255676
13484 0.9836578965187073 0.5251237750053406
11650 1.1350404024124146 0.9131842255592346
11463 -1.2153927087783813 2.3653714656829834
16725 1.0939407348632812 0.8099271655082703
12332 1.4079796075820923 0.8617928624153137
12494 2.9316534996032715 1.134665608406067
12576 1.2486827373504639 0.7786718010902405
12207 0.6444931626319885 0.7423343062400818
15856 -1.2948322296142578 1.9474773406982422
15497 1.5405832529067993 0.8500092625617981
13984 2.0687971115112305 0.8212016820907593
16634 2.1765193939208984 0.9069434404373169
13490 1.6499202251434326 0.509417712688446
12599 2.7766356468200684 1.008856177330017
12621 -1.045003056526184 2.1901302337646484
15581 -1.11989426612854 2.2658369541168213
14955 -0.39832913875579834 1.3981910943984985
13194 0.9642435908317566 0.7936829924583435
13255 1.5740314722061157 0.8858193159103394
12297 0.2512741982936859 0.8459994196891785
10076 -1.2580609321594238 2.370950698852539
14229 -1.373618245124817 1.8307080268859863
13865 0.6626912355422974 0.6723692417144775
10950 0.619423508644104 0.8252833485603333
15539 0.7813193202018738 0.9878653883934021
10569 1.137436032295227 0.7363500595092773
11656 2.507067918777466 0.9560789465904236
12771 -1.9273425340652466 3.5933313369750977
12955 1.6991769075393677 0.606132984161377
12745 0.06567628681659698 1.2521793842315674
12177 1.0266191959381104 0.9754926562309265
13504 -1.2542799711227417 1.956812858581543
14237 0.6560295820236206 0.8740311861038208
13361 1.4660933017730713 0.6727785468101501
15273 1.6724975109100342 0.8911539912223816
13555 2.2061989307403564 1.060437560081482
11487 -1.1120023727416992 2.204559087753296
12869 -1.9112452268600464 3.568722724914551
10535 2.667055368423462 0.9945530295372009
15232 1.1202021837234497 0.6477717161178589
13219 0.8308981657028198 0.8888901472091675
13501 1.5494967699050903 0.9562796354293823
10005 -0.5644017457962036 1.3672690391540527
15454 1.302687406539917 0.8497845530509949
13862 1.0533783435821533 0.920247495174408
12705 -1.6100502014160156 3.0798959732055664
11002 -0.3346380293369293 1.4476147890090942
12854 -1.7745994329452515 3.1627891063690186
15090 -1.2851347923278809 2.596778631210327
13226 -1.3902809619903564 2.7905986309051514
15546 3.0711421966552734 1.076119065284729
14371 2.500223159790039 0.9677194952964783
12965 0.8977124094963074 0.8096983432769775
12174 0.9112258553504944 1.1166642904281616
12149 2.7728769779205322 1.1972719430923462
13003 -2.246692657470703 4.1410017013549805
11453 2.5568172931671143 1.247869849205017
10237 -0.5138596296310425 1.2836003303527832
10982 -0.32416704297065735 0.8049678206443787
14648 1.8508094549179077 0.6860766410827637
13826 -0.18799129128456116 1.3288120031356812
13424 1.0325915813446045 0.6544338464736938
13863 -1.1721192598342896 2.420426845550537
14769 2.2681307792663574 0.8315216898918152
13055 -1.5778295993804932 2.381049156188965
15550 1.2803374528884888 0.9436020851135254
15973 0.4495088756084442 1.1253702640533447
13763 0.3002668023109436 0.8571994304656982
13771 1.1773380041122437 0.6488618850708008
13195 1.8669869899749756 0.9848436713218689
16588 2.8537309169769287 1.03305983543396
14618 0.2696811854839325 0.602229654788971
11200 0.2397027611732483 0.6880292296409607
10361 1.2446892261505127 0.5604363083839417
16651 -2.0939276218414307 3.2492916584014893
14435 -0.19791348278522491 0.13977527618408203
12649 -1.6231402158737183 3.3030624389648438
11813 -1.7157340049743652 3.0398781299591064
11592 2.4979770183563232 0.9108078479766846
11992 2.004216432571411 0.9544981718063354
13564 -2.0127668380737305 4.1269211769104
11924 -2.4970107078552246 4.641720294952393
11053 -2.2275822162628174 4.250497817993164
12012 1.152327299118042 0.848443865776062
10006 -1.497353434562683 2.839604616165161
15982 1.054329752922058 1.0654327869415283
14270 -1.5086320638656616 2.060582399368286
12402 1.0400553941726685 1.0438871383666992
10050 -1.8437073230743408 3.465324640274048
13899 -1.4229687452316284 2.6498570442199707
15427 3.115116596221924 1.0990006923675537
15793 -1.028206706047058 1.481797218322754
15731 -1.0501126050949097 2.0617709159851074
15472 -1.1612006425857544 2.3601315021514893
15607 0.9160221219062805 0.46634477376937866
11879 1.0520578622817993 0.7429616451263428
13024 0.09529855847358704 0.87432861328125
13505 2.9687466621398926 1.0649678707122803
10221 0.41443923115730286 0.8752192258834839
12190 1.1044752597808838 0.6407621502876282
12773 -1.2221190929412842 1.8633307218551636
15934 -1.6625490188598633 3.021174907684326
11659 2.0189385414123535 1.0895601511001587
10817 0.7950101494789124 0.6315649151802063
16728 2.6300277709960938 0.9932265877723694
16682 2.4106197357177734 0.9421212077140808
14046 -1.5445748567581177 2.9257972240448
10039 -0.5059013366699219 1.22820246219635
12252 -1.212206482887268 1.7924339771270752
16729 2.7277510166168213 1.0277303457260132
14543 1.1152201890945435 0.8510863780975342
13381 -0.9906107783317566 2.000221014022827
14993 0.38171184062957764 0.8847188353538513
16339 -1.310944676399231 2.524216890335083
13246 0.02854822389781475 0.8805647492408752
15138 1.2971088886260986 0.8507202863693237
15706 0.5003047585487366 0.6538062691688538
10927 3.513996124267578 1.2474614381790161
10511 0.33597496151924133 1.000757098197937
13781 3.2144885063171387 1.108778715133667
11198 0.3023991286754608 0.6580941081047058
14283 0.7923522591590881 0.6582809090614319
15406 -1.6824753284454346 3.045370578765869
12983 -1.2171469926834106 1.8392993211746216
15063 -1.417826771736145 2.746492624282837
11663 1.0947885513305664 0.9957275390625
13881 0.19446571171283722 -0.19699636101722717
14028 -0.8627728223800659 1.5009475946426392
16696 -1.301583170890808 2.74361252784729
11975 2.7128567695617676 0.7874508500099182
11430 0.7875728607177734 0.8609164357185364
10400 0.758750319480896 0.7773866057395935
16668 -1.2859560251235962 2.6052494049072266
14965 0.9134876728057861 0.937457263469696
13463 0.5536370277404785 0.5780557990074158
11388 -1.3631000518798828 2.776247024536133
16390 -1.5155138969421387 2.75565767288208
12187 0.4621962308883667 0.4002417027950287
11315 1.0633963346481323 0.83683842420578
10324 -1.6896169185638428 3.146533489227295
15010 1.3599882125854492 0.9364100098609924
15847 2.57685923576355 0.8792052865028381
10938 -1.3043158054351807 2.604748010635376
12743 -1.8173165321350098 3.481825113296509
15881 -1.5038365125656128 2.8077518939971924
10918 1.181680679321289 0.9018853306770325
11732 -0.035952478647232056 0.191785529255867
16742 1.1446596384048462 0.8280895352363586
10267 1.682550072669983 0.7420958876609802
15030 2.280951976776123 0.6131994724273682
11036 -1.1242010593414307 2.1910507678985596
16724 2.0075395107269287 0.8567959070205688
13791 1.6167279481887817 1.0417643785476685
13599 1.8373115062713623 0.7738139629364014
13221 1.246777057647705 0.9125827550888062
15091 -1.8261488676071167 3.2999138832092285
10085 -1.527124285697937 3.0713202953338623
14812 1.5882600545883179 0.893772304058075
11673 0.9165225028991699 0.49183517694473267
16741 1.8174450397491455 0.809032142162323
15971 1.0020506381988525 1.0029151439666748
12028 0.9448132514953613 0.5866573452949524
14551 -1.6094844341278076 3.022367000579834
13630 3.1296725273132324 1.1308695077896118
16723 -1.3583722114562988 2.716348886489868
11545 -0.952966570854187 1.6195082664489746
12078 0.9027976989746094 0.878140389919281
13736 1.974610447883606 0.9468872547149658
16441 2.3371970653533936 0.8686151504516602
15012 -1.7643903493881226 3.500969886779785
14424 1.3212770223617554 0.982115626335144
14785 1.6934094429016113 0.8202187418937683
13525 0.3022354543209076 0.5143184661865234
10945 1.5452297925949097 1.0043809413909912
12134 0.2971331477165222 1.0020743608474731
11947 1.306670069694519 0.905617892742157
10946 0.532386839389801 0.5638254284858704
16643 2.4735357761383057 0.9691818952560425
10278 -1.7387317419052124 3.2766549587249756
16720 -1.0275028944015503 1.946813941001892
15051 0.8419787883758545 0.8414667248725891
12484 0.5020242929458618 0.24688391387462616
16527 1.6466896533966064 1.0223262310028076
15843 0.9080939292907715 0.7552904486656189
14617 0.5552762150764465 0.5416430234909058
10040 -1.1139248609542847 2.191741943359375
11627 0.06186634302139282 1.2589243650436401
12232 0.6028686165809631 0.6871826648712158
12571 1.7533934116363525 1.0085172653198242
13689 0.8349869251251221 0.5727112293243408
12583 -1.8454893827438354 3.088491916656494
10052 -1.301198124885559 2.484818935394287
10857 1.1939139366149902 0.6910886168479919
16746 0.7642773985862732 0.7439707517623901
14044 3.1348094940185547 1.1067345142364502
11720 -0.9569154381752014 1.7079627513885498
14751 2.2953009605407715 0.8593129515647888
15939 0.9266561269760132 0.9416124224662781
16710 2.084822177886963 0.8347955346107483
11299 -1.8097543716430664 3.3439815044403076
13192 0.18433955311775208 1.0038667917251587
12870 -1.830216884613037 3.4070699214935303
13536 0.12905064225196838 1.100593090057373
13574 -2.111424446105957 4.311861038208008
10543 1.5162129402160645 0.7104873061180115
13115 -1.7845638990402222 3.2405846118927
14750 1.7924209833145142 1.04189932346344
14601 -1.3455017805099487 2.5840003490448
14922 1.2088336944580078 1.0117194652557373
10224 1.1984392404556274 0.4748978316783905
14972 0.43979424238204956 1.0127629041671753
13493 2.777460813522339 1.0192134380340576
11824 2.4334986209869385 1.1805698871612549
10015 -1.4829963445663452 2.789755344390869
16515 0.479186475276947 0.652675211429596
12245 1.1968729496002197 0.7382908463478088
10419 1.0618001222610474 0.593823254108429
11431 -1.4261715412139893 2.1779465675354004
14218 -1.1595406532287598 2.2432219982147217
15108 0.538198709487915 0.9034853577613831
11135 1.067289113998413 0.9072616100311279
12883 0.8475013375282288 0.3312147259712219
15235 0.8455206751823425 0.7943893671035767
14024 1.1200120449066162 0.9225559234619141
14855 -1.8014485836029053 3.3111495971679688
13016 -1.2663662433624268 2.349351167678833
10275 0.1908547729253769 0.7440601587295532
11230 -0.9154523611068726 1.6571307182312012
13756 1.4728429317474365 0.810865044593811
10961 -1.1758877038955688 1.760390281677246
15774 -1.4862518310546875 2.9739627838134766
13685 2.258523941040039 0.8470562696456909
12857 -1.29751718044281 2.005937337875366
14091 1.1367173194885254 0.6690308451652527
13537 1.2420616149902344 0.7885197401046753
11856 1.0709408521652222 0.9620094299316406
14630 1.8713479042053223 0.9657573699951172
11282 1.2887030839920044 0.9388039708137512
11341 -1.1407413482666016 1.7486451864242554
15154 0.4173439145088196 0.44649016857147217
16463 2.849646806716919 1.0221071243286133
15534 0.5410116314888 0.7012714147567749
13389 0.70062255859375 0.5158723592758179
14897 1.1339082717895508 0.7856617569923401
15433 2.8405866622924805 1.0375663042068481
14488 -0.08174637705087662 0.8620023727416992
14706 2.4792990684509277 0.920189380645752
11684 0.3247808814048767 0.6411973237991333
16738 -0.7760116457939148 0.7742604613304138
16737 -0.4842635691165924 0.7819884419441223
16584 -1.2077866792678833 2.2985169887542725
16744 1.6116423606872559 0.724925696849823
13044 0.876115083694458 0.8687464594841003
15548 2.437174081802368 0.8415583968162537
11401 -1.2032709121704102 1.9132813215255737
11633 -0.9835037589073181 1.7675882577896118
11840 2.2899389266967773 1.0307917594909668
10967 0.512205958366394 0.43216267228126526
10064 -1.1916481256484985 2.3228516578674316
16336 1.204970121383667 1.05486261844635
14695 1.6152808666229248 0.9178051352500916
12774 -0.9645748138427734 2.070089101791382
11391 0.9082355499267578 0.5035032033920288
14943 0.9739863872528076 0.9660692811012268
14944 1.3140716552734375 0.5450617671012878
16581 -1.3202970027923584 2.459045171737671
14992 -0.9440883994102478 0.8461362719535828
14945 -1.0795578956604004 1.1422677040100098
16698 -1.0913697481155396 2.1614959239959717
10042 -1.5505183935165405 2.9472625255584717
13176 0.07744121551513672 -0.016323888674378395
11702 -0.7823470234870911 1.3382819890975952
10715 0.56996750831604 1.202268123626709
13841 -0.6315546631813049 1.33381187915802
11197 1.313546061515808 0.9957704544067383
12375 0.022702671587467194 0.14844821393489838
14565 1.2115719318389893 0.7641961574554443
12847 -1.2502411603927612 1.9464861154556274
11859 -1.162696361541748 2.2742881774902344
15231 -0.7416836023330688 1.3434021472930908
12785 -1.8523513078689575 3.4194867610931396
15897 0.9180032014846802 0.910132110118866
12079 -1.0140342712402344 1.6706944704055786
12054 1.3454455137252808 0.8523449301719666
15885 -0.9843891263008118 1.431506633758545
12068 2.6565895080566406 0.8684021830558777
10317 0.3686797320842743 0.7599280476570129
16722 1.9827018976211548 0.8920139670372009
12127 0.4719771444797516 1.0382076501846313
10424 0.6089304685592651 0.7051336765289307
10030 -1.438016414642334 2.7122480869293213
14778 0.8293606638908386 0.3961860239505768
16346 -0.9299600124359131 1.4144097566604614
12947 0.8498209118843079 0.7221570014953613
14542 1.5787043571472168 0.9290774464607239
14470 1.3669599294662476 0.820458710193634
15599 -1.1658748388290405 2.1873574256896973
11828 -0.9223294258117676 1.786496639251709
