12343 -0.25384649634361267 1.6969189643859863
12129 -0.9085283279418945 2.731049060821533
13277 -1.553161382675171 1.0814902782440186
11996 -2.309612989425659 2.1307828426361084
13796 -1.6849746704101562 1.0045697689056396
13476 -2.084054708480835 1.1946467161178589
15061 0.3874654769897461 2.008129358291626
14559 0.4313797056674957 2.3423097133636475
14314 -1.9822473526000977 0.9648222327232361
12889 -1.2900822162628174 1.4014524221420288
13029 -2.08579421043396 1.42579185962677
11726 -1.3316032886505127 2.215038299560547
10868 -2.3614518642425537 3.9782021045684814
10599 -2.2185449600219727 4.0792999267578125
14685 -3.107607126235962 0.8186022043228149
12953 -2.269440174102783 1.4137800931930542
13772 -0.7136456370353699 1.110089898109436
13303 -1.5266618728637695 1.1095229387283325
14711 -1.9211825132369995 0.8573629856109619
11423 -2.575009346008301 3.2364377975463867
10155 -0.6180258393287659 2.38689923286438
14679 -2.3233742713928223 0.7557981014251709
13232 -1.633783221244812 1.1975462436676025
15618 -0.6915126442909241 0.6364419460296631
12892 -1.4820572137832642 1.364824891090393
13203 -2.1763057708740234 1.2730076313018799
10397 -1.9158991575241089 4.071331977844238
14057 -2.052105188369751 0.9603152275085449
11298 -1.0954567193984985 3.2063865661621094
14856 0.46782490611076355 2.7723660469055176
12704 0.2728657126426697 3.943847417831421
11259 -2.1138975620269775 3.406597375869751
11027 -1.621482253074646 3.8027408123016357
14534 -0.3631301522254944 2.019041061401367
11097 -0.3782873749732971 2.35111927986145
11842 -0.45742663741111755 3.5958781242370605
10540 -0.632498025894165 3.4547202587127686
12992 -1.841620683670044 1.1743998527526855
12191 -1.8421450853347778 1.7417163848876953
11537 -2.380652666091919 2.390936851501465
11193 -2.2547430992126465 3.6098885536193848
11146 -2.3590242862701416 2.949136257171631
11503 -2.128354787826538 3.3584399223327637
13198 -2.906215190887451 1.2076106071472168
10800 -2.7392215728759766 4.523587226867676
13495 -2.079841375350952 1.0234562158584595
13487 -0.9770151972770691 1.0819708108901978
14050 -0.7797102928161621 1.1049671173095703
13230 -2.7457001209259033 1.2811447381973267
11057 -2.0895423889160156 4.149498462677002
14100 -1.5313104391098022 0.9458009004592896
11540 -2.987699031829834 2.7788681983947754
10279 -1.5015292167663574 2.9975078105926514
13486 -1.0149056911468506 1.328386664390564
11292 -0.9653757214546204 3.290374279022217
12278 -1.71109938621521 1.7038441896438599
11867 -1.6990894079208374 2.658254623413086
10994 -2.314626693725586 4.465157985687256
10693 -1.8046151399612427 4.30010461807251
13342 -1.5959783792495728 1.1251076459884644
11042 -1.7550411224365234 4.595772743225098
13264 -1.5696507692337036 1.4607208967208862
11563 -1.0834985971450806 2.861832857131958
16091 -0.9367532730102539 0.7246568202972412
14512 -2.557497024536133 0.764062762260437
14747 -0.7805532217025757 0.7781620621681213
14027 -3.2779698371887207 0.9681157469749451
12478 -1.471584677696228 1.6471055746078491
13667 -2.0221681594848633 1.1518865823745728
12197 -0.6027997136116028 2.016908884048462
11697 -1.8422337770462036 2.4853603839874268
13461 -1.08525550365448 1.0747262239456177
12448 -1.384357213973999 1.6183322668075562
11973 -1.1773700714111328 2.175784111022949
11986 -1.3078893423080444 2.0040433406829834
14814 -2.3026487827301025 0.7368456125259399
15257 0.35128602385520935 2.9084205627441406
10299 -0.3624267280101776 3.7734897136688232
13367 -1.5889912843704224 1.0619200468063354
12544 -1.407917857170105 1.606386661529541
11711 -0.3851338326931 2.253170967102051
10272 -1.0517778396606445 2.733248233795166
15374 -2.090674877166748 0.9576622247695923
13244 -1.4102634191513062 1.2257113456726074
14082 -2.2831530570983887 1.0243744850158691
10408 -1.020093321800232 2.811896800994873
14869 -1.3013758659362793 0.7248188257217407
11233 -1.158638834953308 4.107018947601318
14307 -2.3915491104125977 0.8438308835029602
14259 -1.1668875217437744 0.85347980260849
13851 -2.3829598426818848 1.020400047302246
13710 0.36425483226776123 3.0038976669311523
12264 -1.125189185142517 1.7919375896453857
12222 -0.3395993411540985 3.0071001052856445
14107 -1.782875418663025 0.9477684497833252
13341 -2.9906938076019287 1.1797921657562256
15249 -1.5711517333984375 0.6646811366081238
13196 0.40854665637016296 3.00766921043396
11028 0.1742134541273117 3.461247444152832
15356 -0.9445505738258362 0.6407028436660767
15841 0.17484444379806519 1.134981393814087
14828 0.20754726231098175 1.5145933628082275
14898 -0.4957224428653717 0.8680709600448608
14805 0.44875991344451904 2.686706304550171
12822 0.35828733444213867 3.178560972213745
15167 -0.4716775715351105 0.8441268801689148
11493 0.29714369773864746 0.6220674514770508
12397 -0.7499579787254333 2.1328091621398926
14321 -2.519195556640625 0.8438040614128113
15153 -1.46112859249115 0.8410338759422302
10792 -1.6630189418792725 4.308854579925537
10577 -1.7748228311538696 3.2561864852905273
15295 -1.7422116994857788 0.7793189287185669
10819 -1.4810014963150024 3.2964298725128174
10529 -2.1041393280029297 4.047517776489258
14081 0.019553445279598236 2.6357057094573975
10463 0.029638171195983887 0.23241758346557617
14761 -1.542677879333496 0.7367699146270752
14683 -2.2389297485351562 0.7938974499702454
12173 -1.5142968893051147 2.3706350326538086
14843 -2.6266140937805176 0.6953049302101135
12339 -1.8072237968444824 1.679892659187317
13830 -0.4184879660606384 1.1396642923355103
13891 -2.6815032958984375 0.9607712626457214
10559 -1.552545189857483 3.6731486320495605
14130 0.40617895126342773 2.851123094558716
12831 0.29075321555137634 3.3917572498321533
13541 -0.3884069323539734 1.3689011335372925
11823 -1.5926460027694702 2.536611557006836
10721 -1.082702398300171 4.534323692321777
10713 -2.026970386505127 4.1240410804748535
14633 -2.202181100845337 0.7322672009468079
10965 -0.8595007061958313 3.9634885787963867
12915 -1.7734085321426392 1.29232656955719
10257 -1.7414108514785767 2.876192569732666
13485 -1.666157603263855 1.1047608852386475
10590 -2.267831325531006 3.7596919536590576
15016 -1.6373260021209717 0.6754079461097717
11106 0.08128964900970459 0.45341217517852783
11013 -0.6782546639442444 2.7272043228149414
11789 -1.373746395111084 1.4474480152130127
10781 -1.7915215492248535 4.262120246887207
10140 0.7321546077728271 0.756384015083313
11481 -2.9894399642944336 2.3157365322113037
13871 -1.7438892126083374 1.002048373222351
10136 0.9849590063095093 0.15272164344787598
13290 -1.8370141983032227 1.1018973588943481
13422 -2.3389813899993896 1.0805249214172363
11066 -1.7186691761016846 3.8955647945404053
15601 -0.4906644821166992 0.7425728440284729
11638 -2.381051540374756 2.5188190937042236
14696 -2.218190908432007 0.7763127088546753
13052 0.567791223526001 0.4155540466308594
11603 -1.5895280838012695 2.848505973815918
14122 -2.2828660011291504 0.8945165276527405
12323 -2.42914080619812 1.7811676263809204
14908 -2.307115316390991 0.6539899110794067
15741 -0.14974021911621094 2.2334792613983154
12253 0.35893678665161133 0.12710130214691162
11865 -0.6109136939048767 1.9673749208450317
13930 -1.0659276247024536 1.0123183727264404
11174 -1.2989873886108398 2.6501543521881104
12884 -3.044889211654663 1.650423288345337
14282 0.4841112792491913 2.8072218894958496
12851 0.34260380268096924 3.718614101409912
14831 -2.175476551055908 0.7361228466033936
13158 -2.042208671569824 1.3587201833724976
14771 -1.5092649459838867 0.7189114093780518
12721 0.27172452211380005 2.9160046577453613
10170 -2.2100670337677 3.2470743656158447
12389 -1.2122962474822998 1.1228944063186646
15502 -2.017214298248291 0.6136634945869446
15376 -1.8406360149383545 0.6146516799926758
15024 -2.34909725189209 0.7238840460777283
12451 -2.73665452003479 1.5747253894805908
12217 -2.344122886657715 2.061061382293701
11086 -0.9431807994842529 3.251676559448242
15096 -1.5668059587478638 0.6466318964958191
12348 -0.6798386573791504 1.7795754671096802
14627 0.45716896653175354 2.537067413330078
10416 -0.009875248186290264 3.513145923614502
14635 -3.2395052909851074 0.7680977582931519
12898 -1.4910123348236084 1.4455546140670776
15919 -1.6521108150482178 0.7069693207740784
12755 0.35299983620643616 2.19979190826416
11618 -1.6041232347488403 2.6348886489868164
10849 -1.15878427028656 4.293402194976807
11637 -0.7189313173294067 2.540982246398926
10409 0.10378801822662354 0.49420058727264404
14119 0.4383077323436737 2.142298460006714
12638 0.2205611765384674 2.8717398643493652
14092 -3.4314169883728027 1.100178599357605
15862 0.3739149868488312 1.9762402772903442
13770 0.4165903329849243 3.1275196075439453
14255 -1.9679725170135498 1.6202309131622314
12587 -0.6118163466453552 2.3664472103118896
10785 -1.826447606086731 3.755507707595825
11109 -1.6418209075927734 4.074880599975586
11617 -1.826857328414917 2.6547603607177734
11267 -2.845738410949707 3.373058795928955
14853 -1.2849048376083374 0.5148894190788269
14730 -1.8155938386917114 0.7747326493263245
14492 -2.2704081535339355 0.8550592064857483
13795 -1.9948080778121948 0.8048738837242126
14574 -2.892225980758667 0.8083688616752625
11433 -1.7548085451126099 3.1625072956085205
11337 -0.8449469804763794 2.9910922050476074
10631 -0.7172324061393738 2.7754478454589844
11445 0.0421568788588047 3.8829996585845947
10926 -0.09541343152523041 3.2502522468566895
10996 -0.007245996035635471 3.4593539237976074
14797 0.2886596918106079 1.9362412691116333
12175 0.09876735508441925 2.3767731189727783
10154 0.6588383913040161 0.46085846424102783
11775 -1.1537444591522217 2.849355936050415
13873 0.4044719636440277 3.397533416748047
10139 0.029519319534301758 0.6623305082321167
14477 0.1875367909669876 1.9874927997589111
13002 0.11281263828277588 3.6544485092163086
11721 -1.677582859992981 2.812321901321411
13256 -2.246795177459717 1.115881323814392
11995 -1.7602695226669312 1.9516172409057617
10158 0.27240633964538574 0.11905515193939209
11278 -2.5077478885650635 3.3650951385498047
11577 -1.9387623071670532 1.6824837923049927
12878 -2.1656551361083984 1.405216932296753
10298 0.9849972724914551 0.25102949142456055
14108 -2.1504595279693604 1.0217037200927734
15370 -1.9558262825012207 0.6453668475151062
13061 -1.2557804584503174 1.2968263626098633
12917 -1.9943112134933472 1.3234210014343262
10683 -1.3442659378051758 3.3079824447631836
11884 -1.1800236701965332 1.9712129831314087
14588 -2.744067668914795 0.9787821173667908
10194 0.23319435119628906 0.2566030025482178
14524 -2.945690155029297 0.8735562562942505
11450 -0.5442469716072083 2.6734588146209717
15887 0.42719995975494385 2.0103180408477783
14689 -2.040933609008789 0.7777159810066223
13121 -1.468511700630188 1.2529962062835693
13535 -0.12792690098285675 3.297255516052246
11899 -0.1145750880241394 2.2311079502105713
10933 -1.0765533447265625 2.8597164154052734
12945 -2.020264148712158 1.3247171640396118
14792 0.39534127712249756 1.5559171438217163
14577 -1.8985178470611572 0.7784079313278198
10434 -1.7615879774093628 3.3302950859069824
10165 0.5990628004074097 0.41450071334838867
13931 -2.7425405979156494 0.9678830504417419
12676 0.16376756131649017 3.431809186935425
12896 -2.554786443710327 1.4730188846588135
11921 -1.504830002784729 3.129985809326172
10056 0.823403000831604 0.5309884548187256
12394 0.2672254145145416 1.4974561929702759
12244 -0.3603343963623047 2.265979528427124
11764 -0.9023680090904236 3.0392394065856934
10466 -1.5546571016311646 3.4941816329956055
15043 -1.1895530223846436 0.8347820043563843
10747 -1.967620611190796 4.223380088806152
11067 -1.333907127380371 3.2222166061401367
12324 -1.722723126411438 1.5376935005187988
11550 0.07940848916769028 3.5616109371185303
12853 0.3504469394683838 3.738710641860962
10304 -0.3319460451602936 3.5077388286590576
12007 -1.2339240312576294 1.8501569032669067
13087 -1.267785906791687 1.455918312072754
11982 -1.1573275327682495 2.2785933017730713
14112 -2.1790826320648193 0.861346960067749
10874 -1.8648241758346558 4.31717586517334
15879 -0.09565161913633347 1.0823373794555664
10676 -0.8386313915252686 2.8976805210113525
13377 -1.7412254810333252 1.0918610095977783
10268 0.717728853225708 0.8521844148635864
14893 -2.2173404693603516 0.672563374042511
12003 -0.768328070640564 1.7170307636260986
10666 -1.5078835487365723 3.2813947200775146
15579 0.42493292689323425 2.287926435470581
11844 0.3044843375682831 3.4983208179473877
13360 -2.3704657554626465 1.1692001819610596
11977 -1.5738511085510254 2.1981019973754883
13964 -1.168664574623108 0.9242292046546936
12280 -0.7154678702354431 1.690953016281128
10185 -1.2688555717468262 2.613196849822998
13105 -1.078874111175537 1.8456707000732422
14670 -1.5656733512878418 0.6495083570480347
16133 -1.0847305059432983 0.6200389266014099
11111 -1.2793382406234741 3.6258621215820312
12719 0.3184160590171814 3.074399948120117
15304 -1.557695984840393 0.6735624670982361
10216 -1.2431209087371826 2.649787187576294
11252 -2.479665756225586 3.2434563636779785
13832 -1.8742413520812988 1.8155043125152588
10141 0.8099395036697388 0.5644811391830444
10643 -0.35738372802734375 2.6371147632598877
15380 -1.2287784814834595 0.8065350651741028
14570 -3.4826459884643555 0.9150174856185913
10581 -1.4822660684585571 2.475390911102295
14576 -3.3406829833984375 0.8426114916801453
10731 -1.1590615510940552 3.2273712158203125
10208 -0.6899459958076477 2.4058854579925537
14252 -1.7000051736831665 0.8656458258628845
14288 -1.42830228805542 1.3131376504898071
14952 -1.865173101425171 0.7299284338951111
11898 -1.0024815797805786 2.069570779800415
14895 0.5292887091636658 2.782029151916504
11630 0.1791454404592514 3.6991183757781982
11615 -0.9315756559371948 2.560676097869873
10754 -0.023939039558172226 3.941195487976074
10247 -0.9287543296813965 2.903012275695801
14262 -3.0387682914733887 0.7462785243988037
11411 -0.009514769539237022 3.2170116901397705
11648 -0.7861961126327515 2.541875123977661
11441 0.06015634536743164 0.20336294174194336
10821 -1.8984794616699219 4.432898998260498
14150 -1.5964971780776978 0.9711983799934387
10423 -1.5972546339035034 3.7490553855895996
14987 0.38767191767692566 1.8847416639328003
15085 0.4389435946941376 2.1774537563323975
12807 0.4042292833328247 3.5695700645446777
15412 -1.4665749073028564 0.6234208941459656
16680 -0.14665944874286652 2.3090999126434326
11484 -0.4414307475090027 2.6875929832458496
14306 -1.0521838665008545 1.6588444709777832
11003 -1.4881467819213867 4.070153713226318
14098 -2.1003806591033936 0.9325442910194397
10431 -1.4638360738754272 2.9879696369171143
10980 -1.3357064723968506 3.8628315925598145
10775 0.15253961086273193 3.649249315261841
15074 -3.0439579486846924 0.8845226764678955
10779 0.4551025629043579 0.09735870361328125
11049 -2.006321430206299 4.10524845123291
13241 -1.158145546913147 1.3826583623886108
12758 -0.17194291949272156 2.0747430324554443
11790 -0.47864317893981934 3.21334171295166
13898 -2.2393805980682373 0.8037016987800598
14273 0.4310184717178345 2.133976936340332
11336 0.12761124968528748 3.767296314239502
13139 -2.238738775253296 1.466524362564087
12266 -1.2030198574066162 1.7398945093154907
12441 -2.1775076389312744 1.6850731372833252
14716 -2.2291054725646973 0.980859100818634
15054 -0.26607978343963623 1.6481600999832153
12228 -1.034583330154419 1.4056334495544434
15027 -1.3476018905639648 0.680340588092804
15798 0.4526963531970978 2.171513319015503
11492 0.12954837083816528 3.2941129207611084
11588 -1.0709604024887085 3.0965383052825928
11140 -1.5556222200393677 3.877458095550537
12549 -0.019621001556515694 2.490788698196411
12124 -1.5094155073165894 2.1536459922790527
12390 -1.5317447185516357 1.4580581188201904
13464 -0.8805991411209106 0.8704482913017273
15048 -1.5734739303588867 0.8040060997009277
10627 -1.5356550216674805 3.687440872192383
12523 0.047822851687669754 3.1960525512695312
10886 0.7917506694793701 0.5391185283660889
11165 0.523760199546814 0.2851848602294922
14875 -0.7080373764038086 1.4903428554534912
14905 -1.0592139959335327 0.6000822186470032
11612 -2.2379770278930664 2.026594638824463
14942 0.28836801648139954 1.7589877843856812
12184 0.20860417187213898 3.767519950866699
10732 -1.445590615272522 3.0360069274902344
10815 -1.260132908821106 2.9877068996429443
12819 0.025686008855700493 2.4542176723480225
15626 -0.4838036298751831 0.6362749338150024
11126 0.38062453269958496 0.7006992101669312
11456 -1.6514413356781006 2.5834031105041504
16704 0.26243168115615845 0.82918381690979
14553 -2.623403549194336 1.1064749956130981
11076 -1.3212908506393433 3.178980588912964
14744 -0.4278850555419922 0.7259654998779297
11695 0.09371812641620636 3.1808078289031982
12728 0.22946594655513763 1.6708929538726807
12610 0.17336797714233398 2.0976970195770264
14004 -0.2638808786869049 1.384272813796997
14193 -3.6828601360321045 0.9049600958824158
12748 0.40436258912086487 2.831268310546875
10245 0.24588140845298767 3.3971080780029297
10327 0.6664477586746216 0.07831072807312012
15385 0.3815697729587555 1.9490584135055542
13127 -1.8185529708862305 1.597373127937317
15339 0.4144124388694763 2.187889814376831
11280 -0.42695602774620056 2.7736754417419434
12087 0.24326467514038086 3.76997709274292
14234 0.4674827456474304 2.86250638961792
15634 -0.06853368133306503 0.8323268294334412
14539 -0.46213287115097046 0.9945043325424194
13296 -2.6779067516326904 1.2864269018173218
12314 0.3971421718597412 0.7251743078231812
13884 -0.23586325347423553 1.9353779554367065
10558 0.14915549755096436 0.1965709924697876
13577 -2.4239659309387207 1.0862395763397217
13434 0.39123424887657166 3.0933079719543457
10551 -0.04242018610239029 4.102222442626953
15325 -1.0366811752319336 0.8343212008476257
10225 0.14928793907165527 0.2023540735244751
13415 0.35552993416786194 1.853753685951233
10990 -1.8577667474746704 3.9090003967285156
13655 -0.527299702167511 1.0615557432174683
10329 -1.018824577331543 2.6341493129730225
11941 0.1610388308763504 3.4350643157958984
12320 -1.025607943534851 1.8001844882965088
13958 -0.41110047698020935 2.3348097801208496
10620 -2.0566563606262207 3.832305431365967
14131 -0.8626894354820251 1.209505558013916
12055 -2.41843843460083 2.450331687927246
14783 -2.7384049892425537 0.8430398106575012
10372 -1.0714223384857178 2.1874589920043945
12094 -0.9004116058349609 1.5885143280029297
15448 0.48011350631713867 1.784469485282898
15478 0.4889076352119446 2.3464672565460205
11953 -1.5946779251098633 2.0243518352508545
14709 0.4409851133823395 2.4847664833068848
11778 -2.1215310096740723 2.635145902633667
13933 -1.5545711517333984 1.2520190477371216
13204 -2.6817891597747803 1.2311804294586182
12934 0.0883626863360405 1.8541666269302368
12635 0.2907674312591553 2.8120555877685547
11511 0.1766573041677475 3.0618038177490234
11203 -0.9096740484237671 3.2784717082977295
14487 -1.037280797958374 1.2895349264144897
15389 -0.8988322615623474 0.6234285235404968
12294 0.16421061754226685 3.2331314086914062
11531 -1.5775889158248901 1.9398092031478882
14877 -0.8294172286987305 0.873323380947113
15422 -0.4025331139564514 1.7778635025024414
13579 0.279802531003952 3.5756475925445557
12779 0.20355114340782166 3.75754714012146
10557 0.2367568016052246 0.3871328830718994
15293 0.3683829605579376 1.9180614948272705
15163 -1.043761134147644 0.790203869342804
15855 -0.4175531268119812 0.9056885242462158
12737 0.2627749443054199 3.3053407669067383
16603 0.5185630917549133 1.8624025583267212
11669 0.6574581861495972 0.5580465793609619
11415 -0.866987407207489 3.272958278656006
10654 -1.3796675205230713 2.1842691898345947
16479 -0.20646938681602478 1.1131130456924438
14256 0.24181580543518066 2.220763921737671
14113 -2.286799430847168 0.9665956497192383
12772 0.41790810227394104 2.3002588748931885
10243 0.09147260338068008 2.5236470699310303
12954 -1.5581495761871338 1.5686601400375366
11980 -1.0976694822311401 1.7600038051605225
12156 -0.7064517140388489 1.9812366962432861
12769 0.3979050815105438 3.5237300395965576
13076 -2.5794661045074463 1.6388285160064697
14960 -1.352664589881897 0.9459706544876099
12891 -0.8602654933929443 1.8211824893951416
14013 0.39898014068603516 2.8463151454925537
15825 -2.194288492202759 0.5897272229194641
10778 -0.3065163791179657 3.1112570762634277
12391 -1.6148216724395752 1.680310606956482
10333 0.211381196975708 0.6072038412094116
10135 0.44929802417755127 0.178644061088562
14102 0.3925228416919708 2.7450990676879883
10640 -1.0321309566497803 2.444103717803955
15070 -3.000675916671753 0.6213395595550537
11122 -0.9408861398696899 3.6074328422546387
10349 -0.029030703008174896 3.6327028274536133
12141 0.1987992376089096 2.675621509552002
14400 -0.2162950038909912 1.6958975791931152
14919 0.33513760566711426 2.120664119720459
11241 0.04666571319103241 3.2054858207702637
13388 -1.488037347793579 1.439386010169983
10478 0.5854688882827759 0.8450325727462769
11510 0.41096818447113037 0.23235738277435303
13942 0.320130318403244 3.3399386405944824
13731 -0.15337319672107697 1.6581377983093262
10661 -0.9354547262191772 2.7712621688842773
12671 0.4463862180709839 2.7703921794891357
12321 0.2542664408683777 3.2291789054870605
15794 0.5092071294784546 2.2964823246002197
13184 -2.7473220825195312 1.6695345640182495
16567 0.4560960531234741 1.649753451347351
14738 0.37553903460502625 2.781428098678589
11123 -1.4496854543685913 3.7070212364196777
13619 -1.8703104257583618 0.9182149171829224
12888 -0.6042435765266418 1.850736379623413
14489 -1.302491545677185 0.8353298306465149
11931 -1.1549865007400513 2.5509612560272217
15569 -2.351217269897461 1.4567927122116089
10184 0.5121091604232788 0.05050086975097656
10171 0.9438842535018921 0.4145697355270386
13459 -0.6133139729499817 1.2434149980545044
12206 -2.7655773162841797 2.1323657035827637
12844 0.34603315591812134 3.4200258255004883
10322 0.39113759994506836 0.2535592317581177
12147 -1.2676410675048828 3.4215497970581055
11870 0.5520645380020142 0.4308021068572998
15069 0.26386141777038574 1.859917163848877
11447 -1.065987467765808 1.7720891237258911
13682 -1.1790714263916016 1.4210264682769775
11555 0.19362115859985352 3.7334060668945312
11150 -1.5042846202850342 3.7309467792510986
15554 0.41531071066856384 2.3446767330169678
11719 -2.0313689708709717 2.914295196533203
16540 -0.49137622117996216 0.9769139289855957
14275 -2.1708579063415527 0.8286072611808777
11376 -0.6847283244132996 2.847787618637085
13151 -1.1909136772155762 1.1754393577575684
13970 0.4096648693084717 3.321584939956665
12559 -0.46259161829948425 1.856698989868164
11176 0.7260146141052246 0.7328863143920898
11728 -0.429923415184021 2.6326358318328857
15045 -0.7769724726676941 0.9329379796981812
11344 0.1806166172027588 0.11578714847564697
16101 -0.6706172227859497 0.9213193655014038
12902 -0.7232809662818909 1.4142392873764038
10739 -0.4833613634109497 3.1699628829956055
12782 0.09394576400518417 2.535571336746216
10053 0.16923189163208008 0.5267462730407715
16498 -0.8681299090385437 0.8933117389678955
10469 0.5468114614486694 0.9553850889205933
12641 0.3446296751499176 2.6185007095336914
15721 0.5092996954917908 2.163193464279175
10999 0.5960527658462524 0.7121983766555786
15861 0.46316689252853394 2.1100521087646484
13806 0.24403320252895355 3.6510672569274902
11961 -0.34617409110069275 3.303473949432373
10647 -0.44575417041778564 2.9883620738983154
12223 -2.461853265762329 2.547572612762451
15656 -0.20444943010807037 1.0687637329101562
15624 -1.9283595085144043 0.6412771344184875
15245 0.5097986459732056 2.2769463062286377
14457 -1.179897665977478 1.0104906558990479
14804 0.3588474690914154 2.5217058658599854
13347 0.07352685183286667 1.7830586433410645
13768 0.3610301911830902 2.5084609985351562
12365 -0.31549760699272156 2.6984734535217285
10414 -1.1633007526397705 2.412764310836792
15049 0.3981653153896332 2.7016844749450684
10685 -1.35514497756958 3.8819806575775146
11375 0.6137745380401611 0.32502472400665283
10923 0.3236875534057617 0.5447019338607788
12268 0.10353750735521317 3.758737325668335
14672 -1.7188291549682617 1.0471243858337402
13282 -0.7017418742179871 1.5859991312026978
13297 -1.315269947052002 1.7275464534759521
13433 -0.7752646803855896 1.4465768337249756
12899 -0.7391921281814575 1.315063238143921
11468 -1.2445335388183594 2.244420289993286
15709 0.46196791529655457 1.9915714263916016
12363 -0.8987928032875061 2.017374277114868
11214 0.27867716550827026 3.7227463722229004
14557 -0.177154079079628 2.1168770790100098
13700 -1.5251132249832153 0.8100011944770813
14474 0.40645501017570496 2.5260016918182373
12615 0.32551005482673645 3.275411605834961
13397 -0.2454134076833725 2.5537333488464355
12108 -0.696028470993042 2.296661138534546
11525 -0.773559033870697 2.6038661003112793
14530 -2.064305305480957 0.8806442618370056
15323 -1.1486103534698486 0.6201493144035339
11506 -0.7965514063835144 2.291848659515381
13502 -3.0393388271331787 1.1341500282287598
11517 -0.2637338638305664 2.432126045227051
14320 -1.1139318943023682 1.7717419862747192
15700 0.3473488390445709 2.5268750190734863
13894 0.47604432702064514 2.901979684829712
14718 0.405574768781662 2.228078842163086
15057 -2.145081043243408 0.8405771255493164
14006 -0.7761039733886719 0.6850365400314331
10347 0.8183614015579224 0.9734951257705688
12784 0.4598667323589325 2.571780204772949
12932 -0.2738877236843109 1.9344863891601562
14109 -1.6392269134521484 0.8911129832267761
14430 -2.8580706119537354 0.7391048669815063
14197 -2.5326740741729736 1.094738483428955
12720 0.28862103819847107 3.2030913829803467
10325 0.11700081825256348 0.3439689874649048
11085 -0.5559220314025879 2.7195563316345215
11308 -1.1619094610214233 2.45458722114563
10146 0.9508417844772339 0.7971117496490479
14088 0.40228259563446045 2.2418787479400635
12519 -0.281554251909256 1.992606282234192
10405 -0.40534037351608276 2.6850943565368652
13295 -2.0828044414520264 2.3932945728302
11643 0.11159960925579071 4.00043249130249
14447 -1.291285753250122 0.792056679725647
10561 0.005786538124084473 0.36711859703063965
14802 -0.6917999386787415 0.9467105269432068
12265 -1.0791481733322144 2.3975534439086914
12882 -1.8699396848678589 2.0912208557128906
16218 -1.4401763677597046 0.5238704681396484
10313 -0.13579429686069489 3.325139284133911
15582 -0.5844079852104187 0.7031423449516296
13369 0.3878048062324524 3.067999839782715
13540 -0.03523540869355202 1.6799226999282837
11762 -0.48212119936943054 2.2392396926879883
10041 0.5064423084259033 0.7424571514129639
12633 0.7772872447967529 0.9717659950256348
13344 -2.184563398361206 1.2227116823196411
13936 -0.3865698575973511 1.4503474235534668
16429 -0.3641560971736908 1.0049816370010376
15570 -0.7055618166923523 0.778049886226654
16520 0.02327682077884674 2.37770938873291
14646 -0.19259113073349 0.9137285947799683
15785 0.46793442964553833 2.0672812461853027
14125 0.3988218903541565 2.5015058517456055
11624 -2.514556646347046 2.3799033164978027
13767 0.22582362592220306 3.3987739086151123
13704 0.3115067481994629 1.8445323705673218
11227 -0.05294100567698479 4.030752182006836
10348 0.07784628868103027 0.6884742975234985
10630 0.6200156211853027 0.9255177974700928
15481 -0.7221627235412598 2.2049624919891357
13934 0.48764556646347046 1.5658354759216309
14816 0.4758355915546417 2.6441493034362793
11871 0.3064221143722534 0.5481103658676147
14986 -2.9535465240478516 0.675666868686676
14880 0.43406906723976135 3.0623326301574707
15248 0.534775972366333 1.9876984357833862
11535 -0.07707709074020386 3.682260751724243
15020 -0.5355934500694275 1.2905969619750977
16454 -0.10756494849920273 1.1167585849761963
12235 0.2585616111755371 3.0547187328338623
12214 0.2137422263622284 3.3736515045166016
15344 -2.0261104106903076 0.8065347075462341
15713 -0.7123309969902039 3.053088665008545
12709 0.04683749005198479 3.23246693611145
15411 -1.073926568031311 0.9670477509498596
13788 -2.069793701171875 0.921687662601471
15628 -2.1387970447540283 0.8905589580535889
16543 0.2944113314151764 0.8914092183113098
10198 -1.0158782005310059 2.2172389030456543
15282 0.4956496059894562 2.278440237045288
11756 0.4257257282733917 2.5046567916870117
12185 -1.6125235557556152 1.7761002779006958
10744 0.23303985595703125 0.8222318887710571
11845 0.3002800941467285 3.438822031021118
12307 0.7286877632141113 0.4902620315551758
15708 0.29584404826164246 2.358106851577759
15707 0.28914010524749756 3.2066304683685303
12982 -1.23623788356781 1.0748488903045654
14295 0.27140066027641296 3.0385305881500244
11646 -0.7233628630638123 2.616274356842041
14467 -0.8894386887550354 0.7125737071037292
11538 -0.5806089043617249 2.7087903022766113
11952 0.1882644146680832 3.6580617427825928
12250 -0.3706219494342804 2.5835494995117188
11885 -0.3881668746471405 2.906090259552002
15458 -0.27149254083633423 0.6856088042259216
13809 -2.3799519538879395 0.8360539674758911
14712 -0.668017566204071 0.9086546897888184
11833 0.17058111727237701 3.348931074142456
16739 -0.1386047601699829 1.2974408864974976
12574 -0.8434261083602905 3.1057848930358887
14691 -1.8146477937698364 1.2827452421188354
13890 -1.2717503309249878 3.276193380355835
10385 0.44898688793182373 0.09975409507751465
10065 0.35424721240997314 0.4717458486557007
12653 0.04735644534230232 3.0649056434631348
13046 -1.6992416381835938 0.7886078357696533
14698 -1.3721011877059937 0.6103378534317017
14656 -1.1305749416351318 1.0090854167938232
11641 -1.4125936031341553 2.6050591468811035
11834 -1.7722262144088745 3.26462984085083
14493 0.20207825303077698 3.4510488510131836
15236 0.13005730509757996 2.5418243408203125
11245 0.006887197494506836 0.2548304796218872
10838 0.40521883964538574 0.45749926567077637
12868 0.3139631450176239 2.7187232971191406
14468 0.3370801508426666 1.267237901687622
14268 0.3414909243583679 1.681118369102478
15447 -0.6941576600074768 0.7915042638778687
11188 0.7899454832077026 0.26418793201446533
12956 -1.3408186435699463 0.9739785194396973
15171 0.1502804160118103 1.9157896041870117
12866 0.2915821671485901 1.784728765487671
13450 -0.5381851196289062 3.057117462158203
15532 0.16160434484481812 1.9371436834335327
11399 -0.14819683134555817 2.6405115127563477
12412 0.3693726062774658 0.5193135738372803
15160 0.32340946793556213 2.027409315109253
14303 -1.2238695621490479 0.9603578448295593
14628 0.4684329032897949 2.076749563217163
15041 -0.9119100570678711 0.6649168729782104
11098 -0.4872773587703705 3.09348201751709
10910 -1.4233876466751099 2.5165436267852783
11883 -0.7008754014968872 2.696770191192627
11908 -0.4999200105667114 2.5694775581359863
11905 -1.4381885528564453 1.9478920698165894
11559 -0.0064072152599692345 3.3993382453918457
12195 0.2105373740196228 3.888641834259033
11869 -0.1414019763469696 2.391742467880249
13211 -0.79021155834198 1.7709312438964844
15023 -0.845247745513916 0.6882977485656738
14794 -0.7136948108673096 0.8750464916229248
13629 -0.1140221655368805 2.7927191257476807
10396 -0.2081141471862793 3.23770809173584
15882 -1.075613260269165 1.0208003520965576
16428 0.20476464927196503 1.9879591464996338
14674 -2.6164157390594482 1.3075286149978638
13109 0.07154729217290878 1.9415751695632935
11288 0.2912222146987915 0.421844482421875
13398 -0.3877374529838562 1.9041262865066528
11675 -0.8080846071243286 2.5156161785125732
16721 -0.39453306794166565 0.639511227607727
15093 -1.3418902158737183 0.7544558644294739
11827 -0.7767018675804138 1.5348619222640991
12598 -2.334700584411621 2.207075834274292
15250 0.38241830468177795 1.5612717866897583
10172 0.5033959150314331 0.9678581953048706
10589 0.43056607246398926 0.89359450340271
13034 -0.05833238363265991 2.1185827255249023
15124 0.5344619750976562 2.110633373260498
16709 -1.5878082513809204 0.5642197132110596
14182 -0.15756168961524963 1.260284662246704
12392 -1.0493868589401245 1.004850149154663
11331 -1.1567871570587158 2.1684346199035645
12511 -1.3406487703323364 2.2529306411743164
11587 -0.7606965899467468 1.8015992641448975
13125 0.011392288841307163 2.6050186157226562
13008 -0.2983914911746979 1.8395886421203613
16654 0.3051987886428833 2.9601669311523438
12652 -0.03489338979125023 3.073499917984009
12492 -0.16659966111183167 2.2192330360412598
14397 -1.6723737716674805 0.7689869403839111
13714 0.39516985416412354 2.7183971405029297
13307 -2.4610602855682373 1.3370693922042847
11058 0.4041355848312378 0.6579095125198364
15310 -1.3485729694366455 3.368786573410034
12951 -1.483200192451477 1.3921184539794922
15511 -1.5868130922317505 0.5874786376953125
13348 -1.854066014289856 0.8830723762512207
14842 -1.4091272354125977 1.1338101625442505
12708 0.19851380586624146 3.7648568153381348
11994 -0.8603067994117737 2.8094420433044434
14231 -0.5364910960197449 2.390866756439209
13418 -0.5135760307312012 1.364966869354248
10476 0.8678374290466309 0.5781011581420898
15504 0.31320053339004517 2.477510452270508
14485 0.4405953288078308 2.926185369491577
12370 -0.20091411471366882 3.4480910301208496
11007 0.9140288829803467 0.6274749040603638
10241 0.341976523399353 0.3565565347671509
16665 0.18257656693458557 1.105694055557251
15177 -0.5437296628952026 0.8943403959274292
12171 -0.29614731669425964 2.996494770050049
14332 -0.12444388121366501 2.1846163272857666
16340 0.33482491970062256 1.1627347469329834
12119 -0.15760542452335358 2.0637316703796387
10728 0.690027117729187 0.2883032560348511
11495 -0.4774506688117981 2.950404405593872
14025 -1.3293800354003906 1.489759087562561
11699 -1.813271164894104 2.299281597137451
10562 0.9555619955062866 0.5151990652084351
15842 -2.4169182777404785 0.6558963060379028
15011 -0.523695170879364 1.7206414937973022
13829 -2.244258403778076 1.344349980354309
13983 -1.6632614135742188 0.9312012791633606
12263 -0.8398669362068176 2.0322084426879883
14871 -0.8403559327125549 1.2680869102478027
13785 -0.7905061841011047 2.6804096698760986
11367 0.9939349889755249 0.07717227935791016
15754 0.16558150947093964 1.4537696838378906
12815 -0.8689296245574951 2.572594165802002
11092 0.10640943050384521 0.9450336694717407
11392 0.062535859644413 2.628277063369751
11714 -0.7348338961601257 2.1605141162872314
13292 0.20643669366836548 2.8682990074157715
13507 -1.191680669784546 1.5762765407562256
10687 0.20142924785614014 0.6503406763076782
14736 -1.5513057708740234 0.9078262448310852
12591 0.041057344526052475 3.374741554260254
10770 -0.055811550468206406 2.795578956604004
15086 0.11301306635141373 3.7062339782714844
13674 -0.4897296130657196 1.3092421293258667
14167 0.2478347271680832 1.8871020078659058
10917 -0.0405958816409111 3.906118869781494
13072 -1.4648970365524292 1.2148795127868652
11938 -0.8116685152053833 1.4403436183929443
11512 -0.003448700299486518 3.408900022506714
14938 -0.4541647136211395 2.0135128498077393
14412 0.2867448627948761 2.7763888835906982
16681 0.03346424549818039 2.3528153896331787
12916 -0.5078560709953308 2.014406442642212
15381 -1.9137487411499023 0.6732020974159241
10615 -1.0327560901641846 2.5723142623901367
13827 0.24137409031391144 1.0719456672668457
10613 0.5756751298904419 0.46686387062072754
13259 -1.7882720232009888 0.8099003434181213
13693 0.06608930230140686 1.4524619579315186
16730 0.4109620749950409 1.2468820810317993
10033 0.5271288156509399 0.13877034187316895
14520 -0.5109094977378845 1.0202176570892334
12335 -0.08684490621089935 1.738600254058838
13947 -2.602283477783203 1.1615514755249023
16553 -0.5229198932647705 2.643601417541504
11470 0.8723981380462646 0.9127310514450073
14120 -1.2464735507965088 0.9665266275405884
13032 -2.20532488822937 0.8064020276069641
13587 -2.497356414794922 0.9755504727363586
16353 -0.47217291593551636 1.0164968967437744
12841 0.325826495885849 2.4060542583465576
11413 -1.8728053569793701 2.472538709640503
15853 0.34889575839042664 2.514035940170288
11825 0.752266526222229 0.8518639802932739
15203 -0.18596647679805756 2.2044665813446045
12388 -0.6853979825973511 2.2266135215759277
14996 -0.4383666515350342 1.0150017738342285
14863 0.2562689185142517 2.358733892440796
13467 0.2941780984401703 2.574634552001953
15275 -0.1943151354789734 0.938592255115509
15278 0.17645779252052307 1.9268252849578857
11421 -0.762475848197937 2.6396400928497314
13715 0.36196595430374146 2.311558961868286
11725 -0.738541841506958 1.9676786661148071
11997 -0.63887619972229 2.9813873767852783
11522 -0.15978261828422546 1.753251552581787
10930 -0.6436753273010254 2.301466703414917
11317 0.1578664779663086 0.6742124557495117
15725 0.3184380531311035 1.4026964902877808
12155 -0.7452734112739563 1.8550291061401367
14582 0.03698466345667839 2.641878843307495
12016 -0.21195301413536072 2.9812498092651367
12211 -0.4724331200122833 2.5406293869018555
11619 0.9092968702316284 0.34055960178375244
15008 -0.6157122254371643 2.0668320655822754
16727 -0.06708013266324997 0.8701265454292297
13987 -0.2046007215976715 1.7792844772338867
12855 0.43749505281448364 3.389256477355957
14745 -0.13140204548835754 1.2387986183166504
15525 -1.282353401184082 0.5133566856384277
10204 0.48395097255706787 0.33369123935699463
15930 -0.9486733078956604 0.7139913439750671
13111 0.28221452236175537 2.6439757347106934
14054 -0.5514510869979858 1.1818695068359375
12103 0.6304705142974854 0.5845452547073364
13117 -0.7653194665908813 2.4681878089904785
10017 0.11997580528259277 0.9839975833892822
14533 -1.5648736953735352 1.754233956336975
12455 -0.4216701090335846 2.8504347801208496
16363 0.19376613199710846 0.8295458555221558
16743 -0.5521916151046753 1.0952080488204956
12131 -2.132063150405884 2.1593070030212402
10670 -1.412056565284729 3.1531147956848145
12255 -0.9066224694252014 2.0820820331573486
14572 0.3462047278881073 2.356369733810425
11471 -0.7727709412574768 2.884622812271118
12663 0.340462327003479 2.977177619934082
14475 0.1172357052564621 1.230124592781067
16647 0.44010284543037415 1.0626925230026245
14222 -0.3590201139450073 2.433619976043701
12944 0.025016669183969498 2.757394313812256
13543 -2.204904794692993 1.0217775106430054
16731 0.34322166442871094 1.5919408798217773
14704 -2.791534185409546 0.9688982367515564
11041 -1.178170919418335 3.4635303020477295
12039 -0.39524635672569275 2.8345091342926025
15440 0.33826014399528503 1.6862446069717407
10157 0.10470473766326904 0.6142014265060425
15650 -0.9420536756515503 2.7312917709350586
10011 0.11089396476745605 0.45941197872161865
13182 -0.06415218859910965 2.23773193359375
10460 0.5284966230392456 0.21316897869110107
13546 -1.7202410697937012 1.019972324371338
14236 -1.9373549222946167 0.756569504737854
11479 0.22313761711120605 0.5116413831710815
13200 -0.31515711545944214 1.2580327987670898
14062 0.12994877994060516 1.8478727340698242
12018 -0.2433541715145111 1.4103504419326782
12315 0.3648952543735504 2.2628302574157715
15401 -1.252353310585022 0.732912003993988
12553 -0.7361115217208862 2.5305380821228027
12132 -0.07186190783977509 2.061173677444458
14819 -0.7691559195518494 2.3532302379608154
10783 -0.11443936824798584 2.860915422439575
16345 0.3651680648326874 1.0927097797393799
11274 -0.8763584494590759 2.696211814880371
10016 0.7185899019241333 0.22855818271636963
10380 0.45958590507507324 0.17792010307312012
13077 -0.4766516387462616 0.8271917700767517
13676 0.37900006771087646 2.7659926414489746
13520 0.13339351117610931 1.601014256477356
12436 -0.5138563513755798 2.741468906402588
10617 0.9221072196960449 0.2539799213409424
15991 0.0944211483001709 1.1396408081054688
10925 -0.6375607848167419 2.5430727005004883
16311 0.22397135198116302 1.45205819606781
16715 -0.036202412098646164 2.2251384258270264
11050 -0.2553384304046631 2.7124526500701904
11283 0.519249677658081 0.4209240674972534
12622 0.5410250425338745 0.44671857357025146
15215 0.2971390187740326 1.6813639402389526
15446 0.0391339436173439 2.5833985805511475
14254 -2.057185411453247 0.6682326793670654
13949 -2.023800849914551 0.7040707468986511
15838 0.42269274592399597 2.093057632446289
16736 -0.1420428454875946 0.6889706254005432
13484 -1.207967758178711 3.008807897567749
11650 0.8391014337539673 0.06108403205871582
11463 0.0675727128982544 0.9476048946380615
16725 -1.303623914718628 0.9374191164970398
12332 0.0880393534898758 1.7363660335540771
12494 -0.1290973275899887 2.927962064743042
12576 -0.44726231694221497 2.9203479290008545
12207 -0.20406949520111084 2.9283041954040527
15856 0.4065278172492981 2.100546360015869
15497 -1.3383009433746338 0.3829779028892517
13984 -0.13875271379947662 1.3485110998153687
16634 0.14469709992408752 1.3568912744522095
13490 -1.1316076517105103 2.680600166320801
12599 -0.389421671628952 2.88615083694458
12621 0.3222481608390808 2.6032800674438477
15581 0.3935610353946686 2.127291440963745
14955 0.03366265073418617 2.4029574394226074
13194 -0.7122287154197693 1.2096216678619385
13255 -0.776925802230835 1.148719072341919
12297 -0.047686994075775146 3.121645212173462
10076 0.8618226051330566 0.033689141273498535
14229 -0.16307473182678223 2.866586923599243
13865 -0.4060940146446228 1.0603708028793335
10950 0.33707377314567566 2.375391960144043
15539 -0.5959345102310181 0.9170123338699341
10569 0.14321088790893555 0.9102444648742676
11656 0.6594889163970947 0.1551903486251831
12771 0.2975423038005829 2.710526704788208
12955 -1.1785039901733398 2.62043833732605
12745 0.16903069615364075 2.8391494750976562
12177 0.47593796253204346 0.05022847652435303
13504 0.8330485820770264 0.23868513107299805
14237 -0.5490520000457764 0.7249768376350403
13361 -0.5909391641616821 2.2241454124450684
15273 -1.4940816164016724 0.9509701728820801
13555 -0.7902712225914001 0.984419047832489
11487 0.12450014054775238 2.806708574295044
12869 0.1389041543006897 2.9164984226226807
10535 -1.8361122608184814 2.9324092864990234
15232 -0.5766079425811768 2.580813407897949
13219 0.5127710103988647 0.861403226852417
13501 -1.162493348121643 1.4021070003509521
10005 0.5504127740859985 0.2455747127532959
15454 -0.6923040747642517 0.4500461220741272
13862 -0.5176534056663513 1.4049962759017944
12705 0.1887519210577011 2.682281732559204
11002 -0.08327073603868484 1.8045109510421753
12854 0.2777651846408844 2.124011754989624
15090 -0.3776450753211975 2.9088661670684814
13226 -0.27274638414382935 3.0778775215148926
15546 0.5366239547729492 1.617946982383728
14371 0.16877268254756927 2.247307300567627
12965 -1.7315928936004639 1.3110072612762451
12174 -0.4199891984462738 1.4734904766082764
12149 -1.4480936527252197 2.032214879989624
13003 0.17950744926929474 3.026446580886841
11453 -1.5686250925064087 1.5975497961044312
10237 0.44587910175323486 0.8409394025802612
10982 0.28139233589172363 0.7279056310653687
14648 -0.3127177655696869 1.4276378154754639
13826 0.4934370517730713 0.7159805297851562
13424 -0.6851758360862732 3.3851263523101807
13863 0.5839688777923584 2.0531833171844482
14769 -0.2654266059398651 1.028944969177246
13055 0.320448637008667 3.3631937503814697
15550 -1.277557373046875 0.3685826361179352
15973 0.03115365095436573 0.6326509714126587
13763 0.889976978302002 0.9620479345321655
13771 -1.1827442646026611 3.061995267868042
13195 -0.8359785079956055 1.3914952278137207
16588 -0.08350713551044464 2.1033525466918945
14618 -1.8826212882995605 1.0102620124816895
11200 0.6063135862350464 0.24548661708831787
10361 0.24116241931915283 0.7619208097457886
16651 0.19297675788402557 3.0934133529663086
14435 0.5172216892242432 0.14522802829742432
12649 0.26759836077690125 1.884830355644226
11813 0.06663249433040619 2.8373608589172363
11592 -0.6264632940292358 2.7072601318359375
11992 -0.3852933347225189 1.9872246980667114
13564 0.44096845388412476 2.219693183898926
11924 0.14003418385982513 2.296347141265869
11053 -0.17405015230178833 2.8891141414642334
12012 -1.0900511741638184 2.001434803009033
10006 0.3499727249145508 0.6289045810699463
15982 -0.07102235406637192 0.5894538164138794
14270 0.316875159740448 2.225116491317749
12402 -0.6556470394134521 1.4595441818237305
10050 0.3056529760360718 0.7965278625488281
13899 0.4291149377822876 1.9699350595474243
15427 -0.03728160262107849 2.2822813987731934
15793 0.3480001986026764 1.0075421333312988
15731 0.2714128792285919 2.087526321411133
15472 0.4684028625488281 2.1753082275390625
15607 -0.5847457647323608 2.872501850128174
11879 -0.5004205703735352 2.47701358795166
13024 -0.7653905749320984 2.364476442337036
13505 -0.04043396934866905 1.9545081853866577
10221 0.1152029037475586 0.18639850616455078
12190 -0.23759984970092773 2.8138387203216553
12773 0.42081117630004883 0.7616307735443115
15934 0.4865253269672394 1.8036035299301147
11659 -1.0823533535003662 1.3610719442367554
10817 -1.4297651052474976 2.7971694469451904
16728 -0.4738948941230774 2.1660215854644775
16682 0.04641835018992424 2.2464733123779297
14046 0.3628021776676178 2.03696870803833
10039 0.14216828346252441 0.737959623336792
12252 0.36912810802459717 0.8339967727661133
16729 -0.26013195514678955 2.046398162841797
14543 -0.6005879640579224 1.4547382593154907
13381 0.23438410460948944 2.5647072792053223
14993 0.34064075350761414 0.9928163886070251
16339 0.4063085913658142 2.9225711822509766
13246 -1.0266352891921997 2.407334566116333
15138 -1.0598746538162231 0.15317897498607635
15706 -0.8594862818717957 2.6084401607513428
10927 -0.8918094635009766 3.309239149093628
10511 0.7284599542617798 0.7750551700592041
13781 0.030664555728435516 1.918479323387146
11198 0.5679688453674316 0.9480098485946655
14283 -0.3352237343788147 3.191718816757202
15406 0.27996379137039185 1.901148796081543
12983 0.20202910900115967 0.3446542024612427
15063 -0.3834536671638489 2.7631466388702393
11663 0.1084979772567749 0.2142956256866455
13881 0.41821014881134033 0.6568071842193604
14028 0.3212747871875763 1.530642032623291
16696 0.15961408615112305 0.8657663464546204
11975 -0.9214510917663574 2.281609058380127
11430 0.13690996170043945 0.784636378288269
10400 0.9714336395263672 0.720881462097168
16668 0.19015198945999146 1.3654286861419678
14965 -0.4510985016822815 0.48719504475593567
13463 0.033425092697143555 0.5052329301834106
11388 -0.45858824253082275 3.033773183822632
16390 0.3728671073913574 1.9385263919830322
12187 0.8903136253356934 0.5273683071136475
11315 -0.6429758667945862 2.5166313648223877
10324 0.07400751113891602 2.602536678314209
15010 -1.5562869310379028 0.7035583257675171
15847 -0.940000057220459 2.726691246032715
10938 0.8768341541290283 0.5274336338043213
12743 0.11030148714780807 2.9800260066986084
15881 0.35268330574035645 1.6614100933074951
10918 -1.0165516138076782 2.7664217948913574
11732 0.20001018047332764 0.8842527866363525
16742 -0.5929492115974426 0.43231290578842163
10267 0.030518174171447754 0.92924964427948
15030 -0.6404104828834534 2.7383289337158203
11036 0.3648109436035156 0.35411250591278076
16724 0.10004798322916031 0.8157687783241272
13791 -1.371644377708435 0.7961267828941345
13599 -0.2426537275314331 1.3189939260482788
13221 -0.9901753067970276 1.078081727027893
15091 0.3474920988082886 2.1830193996429443
10085 0.05873990058898926 0.70396888256073
14812 -0.34928351640701294 1.8084144592285156
11673 -1.3251497745513916 2.3525383472442627
16741 -0.4771811068058014 0.36552295088768005
15971 -0.0738462507724762 0.5149250030517578
12028 0.44571125507354736 0.13564825057983398
14551 0.07022423297166824 3.097978353500366
13630 -0.004848707467317581 1.679410457611084
16723 -0.4721030592918396 2.6717605590820312
11545 0.1049656867980957 0.611435055732727
12078 0.009662747383117676 0.48155879974365234
13736 -1.548041820526123 0.5701632499694824
16441 0.1333155483007431 0.9376161098480225
15012 0.33188116550445557 2.094430446624756
14424 -1.643880844116211 0.5667677521705627
14785 -0.8726553916931152 0.7623074650764465
13525 0.4078178405761719 0.5891685485839844
10945 0.4533799886703491 0.08106553554534912
12134 0.5256280899047852 0.5783164501190186
11947 -0.6987358331680298 2.3928706645965576
10946 0.025696158409118652 0.8874224424362183
16643 -0.08477287739515305 2.3621785640716553
10278 0.12907284498214722 2.8126139640808105
16720 0.17780810594558716 2.6319568157196045
15051 -1.6066869497299194 0.8579718470573425
12484 0.14034414291381836 0.823771595954895
16527 -1.7876977920532227 0.6134639978408813
15843 -0.35809263586997986 1.197591781616211
14617 -1.2160979509353638 2.6054999828338623
10040 0.4862908124923706 0.6902334690093994
11627 0.12259317189455032 2.4454803466796875
12232 0.5400949716567993 0.4051320552825928
12571 -1.0403746366500854 1.0397794246673584
13689 -1.8852156400680542 0.9915212392807007
12583 0.8280541896820068 0.8980845212936401
10052 0.01826310157775879 0.40663039684295654
10857 -0.3953707814216614 2.8515784740448
16746 0.5305346846580505 1.2216864824295044
14044 0.35268446803092957 1.371211051940918
11720 0.7039716243743896 0.22796225547790527
14751 -0.15676245093345642 1.9841347932815552
15939 -0.408176988363266 0.45930469036102295
16710 -0.2030431479215622 0.6015076637268066
11299 0.15202628076076508 2.8630876541137695
13192 0.6598957777023315 0.6916462182998657
12870 0.04176796227693558 2.3803532123565674
13536 0.9336798191070557 0.9872317314147949
13574 0.37866342067718506 2.0804784297943115
10543 0.41721951961517334 0.8392306566238403
13115 0.0571042038500309 2.7092103958129883
14750 -1.814786434173584 0.5945454239845276
14601 -0.29966747760772705 2.778190851211548
14922 -1.3747624158859253 0.5015830993652344
10224 0.5328866243362427 0.8141857385635376
14972 -0.7536624670028687 0.3371918499469757
13493 -0.04275386407971382 2.4687209129333496
11824 -1.3885780572891235 1.4681564569473267
10015 0.38126492500305176 0.8247745037078857
16515 -0.3928002715110779 3.0238165855407715
12245 -0.29797640442848206 2.6774325370788574
10419 -0.556293785572052 2.963357448577881
11431 0.7985029220581055 0.680117130279541
14218 0.06287424266338348 3.4519989490509033
15108 -0.6470315456390381 1.052956223487854
11135 0.5993369817733765 0.3013451099395752
12883 -0.49673157930374146 2.7983622550964355
15235 -1.0655394792556763 0.7412465214729309
14024 -0.6535453796386719 0.5508270859718323
14855 0.08859029412269592 2.385674238204956
13016 0.17134256660938263 2.8035006523132324
10275 0.5114728212356567 0.13427472114562988
11230 0.8228772878646851 0.0690683126449585
13756 -1.3838605880737305 1.7489829063415527
10961 0.915374755859375 0.8851569890975952
15774 0.1961503028869629 2.363154411315918
13685 -0.02717587538063526 2.292727470397949
12857 0.5391138792037964 0.5912057161331177
14091 -0.6563630700111389 2.539888858795166
13537 -0.7356645464897156 0.8765074014663696
11856 0.5581322908401489 0.08954286575317383
14630 -0.8757919073104858 2.42008113861084
11282 -0.6661431789398193 1.7956336736679077
11341 0.8053774833679199 0.16809070110321045
15154 -2.282144784927368 0.9965412020683289
16463 0.12993888556957245 1.3461406230926514
15534 -1.3124713897705078 0.7326648831367493
13389 0.9300330877304077 0.8306268453598022
14897 -0.5254148244857788 2.447695016860962
15433 0.11140742897987366 2.38238787651062
14488 0.06421402841806412 0.9282594919204712
14706 -0.08775939792394638 2.2710537910461426
11684 0.35346174240112305 0.546601414680481
16738 -0.9545836448669434 2.703310966491699
16737 0.06430625915527344 0.3644118309020996
16584 0.2764967381954193 2.749286413192749
16744 -0.5532822012901306 2.8596432209014893
13044 -0.4322430491447449 1.1802973747253418
15548 -0.10440631210803986 2.7939674854278564
11401 0.5303879976272583 0.5526957511901855
11633 0.34974682331085205 0.4151191711425781
11840 -1.0551807880401611 2.1431736946105957
10967 0.8009787797927856 0.4161651134490967
10064 0.7388244867324829 0.1933344602584839
16336 -0.34516555070877075 0.40836086869239807
14695 -1.6151236295700073 0.4966808259487152
12774 0.9377716779708862 0.8871315717697144
11391 -1.1491056680679321 3.03580641746521
14943 -1.2846357822418213 0.4720429480075836
14944 0.3896949291229248 0.1261540651321411
16581 0.2530692219734192 2.5898258686065674
14992 -0.572455883026123 2.589585781097412
14945 0.09124243259429932 0.7347190380096436
16698 0.1195453479886055 2.822035074234009
10042 0.6299331188201904 0.2847980260848999
13176 0.062006354331970215 0.6525208950042725
11702 0.3452329635620117 0.6260428428649902
10715 0.5785528421401978 0.08865869045257568
13841 0.564583420753479 0.35650813579559326
11197 0.2218695878982544 0.5167180299758911
12375 0.3294917345046997 0.42732858657836914
14565 -0.1465417891740799 0.7888517379760742
12847 0.8351085186004639 0.1999441385269165
11859 -0.05733490362763405 2.912184000015259
15231 -0.09081608802080154 1.6261054277420044
12785 0.1822652965784073 3.280252456665039
15897 -0.26684051752090454 0.5631656646728516
12079 0.3817141056060791 0.7850058078765869
12054 -1.5233958959579468 1.6600922346115112
15885 0.30322447419166565 0.975104808807373
12068 0.21377277374267578 0.2667813301086426
10317 0.09863173961639404 0.9066376686096191
16722 0.33988675475120544 1.117652416229248
12127 0.07170987129211426 0.4799771308898926
10424 0.5535703897476196 0.969332218170166
10030 0.21257078647613525 0.23496782779693604
14778 0.961464524269104 0.773655891418457
16346 0.27326351404190063 0.9626317620277405
12947 0.05675864219665527 0.5031688213348389
14542 -2.090712308883667 0.36481213569641113
14470 -0.765187680721283 1.3785070180892944
15599 0.297099769115448 2.711963415145874
11828 0.28385186195373535 2.938668966293335
