12343 1.6159653663635254 0.12872837483882904
12129 1.726317286491394 0.13086190819740295
13277 2.0221729278564453 0.05761892348527908
11996 2.3052711486816406 -0.015709755942225456
13796 1.283437967300415 0.28009992837905884
13476 1.432878017425537 0.26650089025497437
15061 0.3745970129966736 2.435746908187866
14559 0.35606464743614197 2.4120519161224365
14314 1.616889476776123 0.16844655573368073
12889 1.3291999101638794 0.28038114309310913
13029 1.8975669145584106 0.11176914721727371
11726 1.6017533540725708 0.1873617321252823
10868 2.5584044456481934 -0.10378701984882355
10599 1.9311693906784058 0.08021333068609238
14685 2.0851292610168457 0.04043317958712578
12953 2.0148024559020996 0.04295460134744644
13772 0.7532715201377869 0.5689120292663574
13303 1.7631663084030151 0.11077360808849335
14711 2.149174690246582 0.004744166508316994
11423 1.8705410957336426 0.11708133667707443
10155 1.7678898572921753 0.09975797683000565
14679 1.6103261709213257 0.18124175071716309
13232 1.8793070316314697 0.060536716133356094
15618 1.1468831300735474 0.35894685983657837
12892 1.2522799968719482 0.3045635521411896
13203 2.528298854827881 -0.02158564142882824
10397 1.7913333177566528 0.10194603353738785
14057 1.109106183052063 0.3760218322277069
11298 1.4051759243011475 0.21100449562072754
14856 0.3956444263458252 2.9035048484802246
12704 0.4045741558074951 3.04667592048645
11259 2.018496036529541 0.03860060125589371
11027 2.849006175994873 -0.1631113886833191
14534 0.9757362604141235 0.5182740092277527
11097 1.0266975164413452 0.4955490827560425
11842 3.4046502113342285 -0.3902658522129059
10540 3.907611131668091 -0.3855302035808563
12992 1.8101584911346436 0.1314648687839508
12191 1.8565162420272827 0.10143747180700302
11537 2.9063475131988525 -0.11117257922887802
11193 1.35640549659729 0.2125982940196991
11146 2.9611732959747314 -0.171698659658432
11503 1.2861671447753906 0.27057090401649475
13198 1.6498749256134033 0.13806761801242828
10800 1.2366214990615845 0.27407464385032654
13495 1.7696350812911987 0.12859445810317993
13487 1.30820894241333 0.2426004409790039
14050 2.4129509925842285 -0.05912194401025772
13230 1.9608882665634155 0.05570177361369133
11057 2.2778913974761963 -0.02596755139529705
14100 2.0277516841888428 0.033114150166511536
11540 1.672294020652771 0.1597217321395874
10279 1.7854357957839966 0.11258291453123093
13486 1.1111379861831665 0.4005019962787628
11292 1.1335982084274292 0.3583284318447113
12278 1.654466986656189 0.17551709711551666
11867 1.1387696266174316 0.326264888048172
10994 1.9013789892196655 0.05708201602101326
10693 1.8637341260910034 0.0567048117518425
13342 1.9355255365371704 0.07773441076278687
11042 2.4252679347991943 -0.06184091046452522
13264 0.9930132031440735 0.47516435384750366
11563 1.204960823059082 0.3269113302230835
16091 1.6964737176895142 0.11010647565126419
14512 1.4778755903244019 0.21737894415855408
14747 0.8961764574050903 0.46273675560951233
14027 2.150486946105957 0.031110458076000214
12478 1.7089171409606934 0.11938638985157013
13667 2.4805593490600586 -0.05948970839381218
12197 2.5662026405334473 -0.1492137610912323
11697 2.0122692584991455 0.0460558757185936
13461 1.5483845472335815 0.1405547559261322
12448 1.9402190446853638 0.03767776861786842
11973 2.4261693954467773 -0.032088425010442734
11986 2.289674997329712 0.008188050240278244
14814 1.8585574626922607 0.10737510025501251
15257 0.3956553339958191 3.0475025177001953
10299 0.34227344393730164 1.4440323114395142
13367 1.8731861114501953 0.13470715284347534
12544 2.355290651321411 -0.06501229107379913
11711 0.9811503887176514 0.4181073009967804
10272 0.8357051610946655 0.5210407972335815
15374 2.415839672088623 -0.010198518633842468
13244 1.6583120822906494 0.13851453363895416
14082 1.994349479675293 0.041813451796770096
10408 1.481471300125122 0.21285265684127808
14869 1.210757851600647 0.3331921100616455
11233 1.151409387588501 0.3505121171474457
14307 2.16060209274292 0.0043587894178926945
14259 2.077026605606079 0.015896521508693695
13851 1.5040335655212402 0.2162388414144516
13710 0.4341369867324829 3.1994614601135254
12264 1.9317559003829956 0.034340184181928635
12222 3.543241024017334 -0.38992953300476074
14107 1.1728745698928833 0.31681811809539795
13341 1.9121946096420288 0.10192529857158661
15249 1.9949990510940552 0.027680253610014915
13196 0.4019792675971985 3.1231350898742676
11028 0.44087034463882446 3.203735113143921
15356 2.139328956604004 0.01242562010884285
15841 0.3101995885372162 1.5308705568313599
14828 0.2921521067619324 1.6166802644729614
14898 1.1459178924560547 0.3755662441253662
14805 0.4050125777721405 2.9020819664001465
12822 0.38263073563575745 2.706211566925049
15167 1.6783429384231567 0.08477441221475601
11493 1.896736741065979 -0.07339529693126678
12397 3.249000072479248 -0.2621516287326813
14321 1.9014471769332886 0.08758804202079773
15153 2.163477659225464 0.011278201825916767
10792 2.52195143699646 -0.07860179245471954
10577 3.619925022125244 -0.3232705593109131
15295 1.815726637840271 0.1048717200756073
10819 1.8862252235412598 0.02291049249470234
10529 2.4614250659942627 -0.08466117084026337
14081 0.5911681652069092 0.694827675819397
10463 0.5742901563644409 1.137399673461914
14761 2.2879035472869873 -0.02951134741306305
14683 1.6033148765563965 0.17754852771759033
12173 0.9781539440155029 0.510326623916626
14843 1.467615008354187 0.22909532487392426
12339 1.862396240234375 0.0834788829088211
13830 1.0902804136276245 0.4944097101688385
13891 1.2319785356521606 0.3131450414657593
10559 0.9184298515319824 0.45100659132003784
14130 0.4608095586299896 3.2676823139190674
12831 0.49201083183288574 3.508790969848633
13541 2.4580886363983154 -0.13483735918998718
11823 2.261233329772949 -0.021873842924833298
10721 2.1835577487945557 -0.01501805242151022
10713 1.4839471578598022 0.20625029504299164
14633 1.995466709136963 0.08262212574481964
10965 2.56440806388855 -0.12951694428920746
12915 1.694797396659851 0.16501940786838531
10257 2.1778929233551025 -0.011494229547679424
13485 2.243443727493286 0.035055629909038544
10590 1.5448919534683228 0.14840728044509888
15016 1.7504838705062866 0.12041307240724564
11106 2.466799736022949 -0.17979241907596588
11013 1.6018753051757812 0.18011029064655304
11789 2.688631057739258 -0.057456038892269135
10781 1.9692881107330322 0.05481695756316185
10140 1.714401364326477 0.1475633978843689
11481 2.121718406677246 0.060601137578487396
13871 1.6163350343704224 0.18074005842208862
10136 1.9753226041793823 0.04691573977470398
13290 2.101402997970581 0.04761793836951256
13422 2.267404079437256 -0.019544636830687523
11066 2.398966073989868 -0.045684605836868286
15601 1.3105603456497192 0.30289971828460693
11638 1.3867075443267822 0.26258814334869385
14696 2.1673200130462646 0.023997532203793526
13052 0.49005255103111267 0.30193018913269043
11603 1.3240277767181396 0.3001548647880554
14122 1.911699652671814 0.07512588798999786
12323 2.5992281436920166 -0.08930899202823639
14908 1.772020697593689 0.14505977928638458
15741 0.15430626273155212 1.6141374111175537
12253 0.1429600566625595 2.118406295776367
11865 1.4178745746612549 0.3300475478172302
13930 1.6095495223999023 0.14482572674751282
11174 2.5365707874298096 -0.18302692472934723
12884 2.3896596431732178 -0.015184071846306324
14282 0.4025346040725708 2.9325907230377197
12851 0.47521474957466125 3.3598320484161377
14831 1.5503705739974976 0.22629797458648682
13158 1.588129997253418 0.21873092651367188
14771 1.2992709875106812 0.2886592745780945
12721 0.4017472565174103 3.4157350063323975
10170 0.5385199189186096 4.168566703796387
12389 1.2285062074661255 0.3831459879875183
15502 2.3901519775390625 -0.014177419245243073
15376 1.8263304233551025 0.1245904341340065
15024 1.4330463409423828 0.2195638120174408
12451 2.249934434890747 0.01250631082803011
12217 1.935495138168335 0.08919785171747208
11086 1.2699743509292603 0.3076562285423279
15096 2.262321710586548 -0.03592485189437866
12348 3.138204574584961 -0.23272615671157837
14627 0.40933871269226074 3.2368171215057373
10416 0.5100242495536804 3.957120180130005
14635 1.7038873434066772 0.14094658195972443
12898 2.3293983936309814 -0.01243459153920412
15919 2.0628836154937744 0.10847818106412888
12755 0.42786383628845215 3.035172939300537
11618 2.2161929607391357 -0.004528226796537638
10849 1.2062510251998901 0.2960398197174072
11637 1.2252899408340454 0.31603214144706726
10409 1.2652355432510376 0.29908281564712524
14119 0.46137717366218567 3.606006145477295
12638 0.5240889191627502 3.8207762241363525
14092 2.2041327953338623 0.06459558755159378
15862 0.4169716238975525 3.0213639736175537
13770 0.4653695225715637 3.282546043395996
14255 2.1822056770324707 -0.03302953392267227
12587 3.4511349201202393 -0.29372888803482056
10785 2.9670493602752686 -0.1989332139492035
11109 1.3233654499053955 0.2712118327617645
11617 3.1272103786468506 -0.18348050117492676
11267 1.9566395282745361 0.06478115171194077
14853 1.6269205808639526 0.19643110036849976
14730 1.4831446409225464 0.17648737132549286
14492 2.0337677001953125 0.04405630752444267
13795 1.887385606765747 0.05987749621272087
14574 2.440635919570923 -0.061953648924827576
11433 2.3323423862457275 -0.02644442580640316
11337 3.0059814453125 -0.20939262211322784
10631 1.8538569211959839 0.06537958234548569
11445 0.46708253026008606 3.6169729232788086
10926 0.4338172674179077 3.4675867557525635
10996 0.4350177049636841 3.252044200897217
14797 0.23185615241527557 2.0669069290161133
12175 0.2570634186267853 2.1426961421966553
10154 2.997650384902954 -0.22820180654525757
11775 1.4194661378860474 0.24454255402088165
13873 0.3389243185520172 2.507935047149658
10139 0.38633275032043457 2.9304659366607666
14477 0.44556406140327454 1.9040875434875488
13002 1.1518585681915283 7.499710559844971
11721 1.891496181488037 0.08262969553470612
13256 1.8419746160507202 0.12150949239730835
11995 2.9088635444641113 -0.15657579898834229
10158 2.740081548690796 -0.15092644095420837
11278 2.415482759475708 -0.04276818409562111
11577 3.032526731491089 -0.17460988461971283
12878 2.590569257736206 -0.08533650636672974
10298 2.5707414150238037 -0.006693329196423292
14108 1.6038432121276855 0.22239002585411072
15370 1.6837570667266846 0.1526196002960205
13061 1.5798155069351196 0.12926431000232697
12917 2.179941177368164 -0.0014538614777848125
10683 2.194070339202881 0.038367848843336105
11884 1.1644362211227417 0.38063737750053406
14588 1.3182106018066406 0.3106851279735565
10194 1.3529716730117798 0.2885243594646454
14524 2.2232933044433594 0.005060631316155195
11450 0.9870572686195374 0.42340487241744995
15887 0.4244769513607025 3.0661237239837646
14689 1.3102654218673706 0.3125249743461609
13121 2.537703275680542 -0.08508886396884918
13535 2.6476705074310303 -0.19621703028678894
11899 3.176701307296753 -0.2739591598510742
10933 1.7835071086883545 0.004616688936948776
12945 2.133330821990967 0.03663581609725952
14792 1.6497399806976318 0.23582544922828674
14577 1.5316048860549927 0.2219931185245514
10434 2.597571849822998 -0.104767344892025
10165 0.3406590223312378 1.271007776260376
13931 1.714992642402649 0.14322973787784576
12676 0.41153204441070557 3.085700750350952
12896 1.7197726964950562 0.1618393063545227
11921 1.314630150794983 0.3290330767631531
10056 0.36601778864860535 3.2074368000030518
12394 2.9570796489715576 -0.3085200786590576
12244 3.3704888820648193 -0.3690791428089142
11764 3.0068728923797607 -0.2307978868484497
10466 1.3535072803497314 0.25545066595077515
15043 2.194350004196167 0.03582841902971268
10747 1.511033058166504 0.17763875424861908
11067 2.374936580657959 0.0011118638794869184
12324 1.1414440870285034 0.3691788613796234
11550 0.48709386587142944 3.8024351596832275
12853 0.4713594615459442 3.429807186126709
10304 0.5194355249404907 4.044785499572754
12007 2.4172279834747314 -0.08158021420240402
13087 0.6330299377441406 0.6091917753219604
11982 1.4874037504196167 0.22796179354190826
14112 1.8471728563308716 0.09301439672708511
10874 2.571579933166504 -0.07367127388715744
15879 2.028106212615967 -0.024488195776939392
10676 1.8900631666183472 0.0035788933746516705
13377 2.1157469749450684 0.03292686492204666
10268 2.627959728240967 -0.030640529468655586
14893 1.164209008216858 0.3666241466999054
12003 1.0877174139022827 0.42245134711265564
10666 1.0030484199523926 0.428155779838562
15579 0.3937128484249115 2.9479033946990967
11844 0.4592330753803253 3.427440881729126
13360 2.56066632270813 -0.09096453338861465
11977 2.573202133178711 -0.07168110460042953
13964 0.908992350101471 0.5000708103179932
12280 1.1586028337478638 0.43115854263305664
10185 1.8573179244995117 0.06608263403177261
13105 1.9421563148498535 -0.01538152527064085
14670 2.4467291831970215 -0.014394388534128666
16133 2.0033745765686035 0.08144745230674744
11111 2.4510810375213623 -0.06851207464933395
12719 0.47526898980140686 3.4923105239868164
15304 1.9495490789413452 0.07874169945716858
10216 2.759521484375 -0.13519693911075592
11252 2.6548573970794678 -0.08805400878190994
13832 2.1287763118743896 0.018874354660511017
10141 1.54129958152771 0.19177637994289398
10643 0.9946927428245544 0.4240396022796631
15380 2.2489571571350098 0.006787214428186417
14570 1.5273051261901855 0.2343563735485077
10581 2.6417038440704346 -0.1632307916879654
14576 2.0664315223693848 0.05658949911594391
10731 2.474771738052368 -0.0772736668586731
10208 2.4205024242401123 -0.07420456409454346
14252 1.2569719552993774 0.36287036538124084
14288 1.2502062320709229 0.3100734055042267
14952 2.363271474838257 -0.02272350713610649
11898 1.5380109548568726 0.20340889692306519
14895 0.4148957431316376 3.268646001815796
11630 0.32871267199516296 2.2510907649993896
11615 2.461458444595337 -0.25839221477508545
10754 0.42898979783058167 3.3273251056671143
10247 0.34510526061058044 1.7277354001998901
14262 1.4153811931610107 0.27609783411026
11411 0.3762243986129761 3.095578193664551
11648 1.3752849102020264 0.2555581033229828
11441 1.3414939641952515 0.14944113790988922
10821 2.5982394218444824 -0.0989956259727478
14150 1.261745810508728 0.21028223633766174
10423 1.2390340566635132 0.28216156363487244
14987 0.4131743013858795 2.974567413330078
15085 0.3885509669780731 3.137084484100342
12807 0.4872077405452728 3.63077974319458
15412 2.066915512084961 0.06336149573326111
16680 2.518986225128174 -0.17200468480587006
11484 0.13513489067554474 2.3212461471557617
14306 2.0926387310028076 -0.06653784215450287
11003 1.9122414588928223 0.09933513402938843
14098 2.080815553665161 0.053954191505908966
10431 2.551992177963257 -0.11891262978315353
10980 1.8930784463882446 0.10106637328863144
10775 0.42183664441108704 3.062251329421997
15074 1.8874343633651733 0.11307927221059799
10779 1.3220008611679077 0.4705447256565094
11049 2.675398826599121 -0.10025109350681305
13241 2.5450010299682617 -0.0758095234632492
12758 0.967922568321228 0.6029102802276611
11790 2.7706453800201416 -0.2076236754655838
13898 1.5789722204208374 0.19804781675338745
14273 0.43500030040740967 3.3263423442840576
11336 0.4232734739780426 3.278978109359741
13139 2.94360613822937 -0.14252297580242157
12266 1.353378176689148 0.2473835051059723
12441 1.476599931716919 0.2618439793586731
14716 1.5072360038757324 0.2018059343099594
15054 4.453573703765869 -0.4394720196723938
12228 4.551269054412842 -0.4172923266887665
15027 1.4282281398773193 0.19224153459072113
15798 0.4185887277126312 3.1328890323638916
11492 0.4598301351070404 3.660743474960327
11588 0.7322190999984741 0.7204846739768982
11140 1.671827793121338 0.1777905821800232
12549 0.9937015771865845 0.6624354720115662
12124 2.6070008277893066 -0.057518187910318375
12390 2.499332904815674 -0.0704764723777771
13464 1.4380873441696167 0.1706647127866745
15048 1.9779971837997437 0.13073530793190002
10627 1.4238650798797607 0.2166866511106491
12523 0.24824801087379456 1.668322205543518
10886 0.30534979701042175 1.8931914567947388
11165 1.214331030845642 0.2859834134578705
14875 2.105081081390381 -0.014799155294895172
14905 1.0608197450637817 0.4241997301578522
11612 1.9404289722442627 0.10337699949741364
14942 0.4759576618671417 3.7469069957733154
12184 0.5183278918266296 4.2249321937561035
10732 1.3679453134536743 0.2540748715400696
10815 3.164250373840332 -0.3685387670993805
12819 0.2725483179092407 1.9700963497161865
15626 0.8002346754074097 0.4622555673122406
11126 0.4871748089790344 0.8915775418281555
11456 2.592348098754883 -0.14177317917346954
16704 2.3729724884033203 -0.06565142422914505
14553 2.147987127304077 0.027608884498476982
11076 3.605905771255493 -0.32230550050735474
14744 0.9750949144363403 0.5053625702857971
11695 0.8069007992744446 0.553295910358429
12728 0.2800549566745758 1.9096641540527344
12610 0.22677725553512573 1.9471869468688965
14004 0.8864367008209229 0.4830085039138794
14193 2.1072967052459717 0.05206407606601715
12748 0.48701491951942444 3.9037747383117676
10245 0.5676313638687134 4.7006025314331055
10327 1.1843491792678833 0.3476446270942688
15385 0.45392027497291565 3.0461723804473877
13127 1.4196975231170654 0.2616843283176422
15339 0.40597161650657654 3.0004124641418457
11280 0.4261550009250641 2.685528516769409
12087 0.44458386301994324 3.5678186416625977
14234 0.42922860383987427 3.315385103225708
15634 2.247501850128174 -0.038667209446430206
14539 2.775116443634033 -0.1853969544172287
13296 2.116412878036499 0.041999418288469315
12314 1.0567833185195923 0.3025473952293396
13884 2.8494112491607666 -0.1996447890996933
10558 1.3873835802078247 0.3110298216342926
13577 2.312180757522583 -0.021629000082612038
13434 0.461668461561203 3.457247734069824
10551 0.5079166293144226 3.9843785762786865
15325 1.5318019390106201 0.2536022961139679
10225 0.34867408871650696 1.6654994487762451
13415 0.34864363074302673 2.301636219024658
10990 2.970205307006836 -0.215533047914505
13655 1.1581065654754639 0.3070371150970459
10329 2.620445489883423 -0.0921923965215683
11941 0.41119521856307983 3.2442121505737305
12320 2.806608200073242 -0.12455761432647705
13958 2.6790618896484375 -0.1649886816740036
10620 1.0965496301651 0.41072985529899597
14131 1.9541789293289185 -0.03842649236321449
12055 2.1113312244415283 0.007957474328577518
14783 1.9061449766159058 0.12361031770706177
10372 0.9940145611763 0.41691625118255615
12094 1.2906347513198853 0.33317288756370544
15448 0.39443767070770264 3.4633326530456543
15478 0.4221815764904022 3.0961976051330566
11953 2.8506081104278564 -0.15886157751083374
14709 0.40017831325531006 2.8539159297943115
11778 1.6974234580993652 0.1483127772808075
13933 2.7726407051086426 -0.12765197455883026
13204 1.7257579565048218 0.14710834622383118
12934 2.0082221031188965 -0.06512017548084259
12635 0.5473397970199585 4.512872219085693
11511 0.5578089952468872 4.4605607986450195
11203 1.9310221672058105 0.11422967165708542
14487 0.8938460350036621 0.5123485922813416
15389 1.4316197633743286 0.2857634723186493
12294 0.5251889228820801 4.0205464363098145
11531 2.318331718444824 -0.011745444498956203
14877 1.4733614921569824 0.17716892063617706
15422 0.5268425345420837 0.7410658001899719
13579 0.42923131585121155 2.999300956726074
12779 0.4466022849082947 3.4022412300109863
10557 2.0048680305480957 0.06091516092419624
15293 0.43889501690864563 3.079418897628784
15163 2.3465781211853027 -0.05486402288079262
15855 2.1353304386138916 -0.08881259709596634
12737 0.4454425871372223 3.3096120357513428
16603 0.6000115275382996 3.192746639251709
11669 0.9974449276924133 0.41699743270874023
11415 2.0450949668884277 -0.008826215751469135
10654 3.7905542850494385 -0.3435773551464081
16479 2.655339002609253 -0.1857195347547531
14256 0.29925307631492615 2.4232590198516846
14113 1.7999757528305054 0.18856729567050934
12772 0.4009982645511627 3.4927375316619873
10243 0.602828323841095 4.963185787200928
12954 1.138909101486206 0.31240999698638916
11980 1.253602385520935 0.33143794536590576
12156 1.3880425691604614 0.2738454341888428
12769 0.4653598666191101 3.4617700576782227
13076 1.931176781654358 0.07251665741205215
14960 2.200753927230835 0.03665599972009659
12891 1.3124675750732422 0.30022650957107544
14013 0.4138181209564209 2.820502758026123
15825 2.2874982357025146 0.02086665667593479
10778 1.2566859722137451 0.3184897005558014
12391 2.1255805492401123 0.01757092960178852
10333 2.002462148666382 0.09726052731275558
10135 2.7597429752349854 -0.1047801673412323
14102 0.39027097821235657 2.7411210536956787
10640 0.3883644640445709 3.2576584815979004
15070 2.272341251373291 -0.00015820958651602268
11122 1.0803900957107544 0.4308202564716339
10349 0.432905375957489 2.457582712173462
12141 0.3540223240852356 2.3350250720977783
14400 3.111363172531128 -0.2121545821428299
14919 0.4376458525657654 3.2294111251831055
11241 0.386233925819397 2.920966386795044
13388 1.2124087810516357 0.37886014580726624
10478 2.8845431804656982 -0.18863438069820404
11510 1.0014704465866089 0.33238381147384644
13942 0.36589786410331726 2.7415637969970703
13731 3.6141533851623535 -0.38877907395362854
10661 0.5205031037330627 1.0442849397659302
12671 0.4568464457988739 3.3896820545196533
12321 0.5188911557197571 4.196796417236328
15794 0.3801942467689514 2.6012046337127686
13184 1.868144154548645 0.09489627182483673
16567 0.3980996310710907 2.980238437652588
14738 0.4396253824234009 3.418205738067627
11123 2.1466689109802246 -0.014690362848341465
13619 2.5783917903900146 -0.0664021447300911
12888 1.3452599048614502 0.29710277915000916
14489 0.8378187417984009 0.5315962433815002
11931 1.8731733560562134 0.0808420404791832
15569 1.3308590650558472 0.31534796953201294
10184 0.35387182235717773 1.6437116861343384
10171 2.6856374740600586 -0.10508565604686737
13459 2.90073823928833 -0.1685338169336319
12206 1.6754488945007324 0.18961551785469055
12844 0.3659213185310364 2.9066574573516846
10322 0.811016321182251 0.3110054135322571
12147 0.6600658297538757 0.29973524808883667
11870 0.6794817447662354 0.4533945620059967
15069 0.4378136098384857 3.607724189758301
11447 1.1424155235290527 0.368696004152298
13682 1.0048136711120605 0.3565864562988281
11555 0.5133011341094971 4.152045726776123
11150 1.8835819959640503 0.06511709094047546
15554 0.4458271563053131 3.117898464202881
11719 1.025923252105713 0.42935529351234436
16540 2.355220317840576 -0.056976333260536194
14275 2.186830520629883 0.023379303514957428
11376 1.5687215328216553 0.21466295421123505
13151 0.8152521848678589 0.3076120615005493
13970 0.38863545656204224 2.5792458057403564
12559 1.785037875175476 -0.044116005301475525
11176 1.6417208909988403 -0.017481604591012
11728 2.5824697017669678 -0.1557973474264145
15045 0.6550086140632629 0.5899432897567749
11344 0.7169287800788879 0.7007914781570435
16101 1.0646321773529053 0.4325666129589081
12902 1.037161111831665 0.33979925513267517
10739 1.6102946996688843 0.1067085862159729
12782 0.31495770812034607 3.0212132930755615
10053 0.33781757950782776 1.3001642227172852
16498 2.1086623668670654 -0.024494225159287453
10469 2.085392951965332 0.11790452897548676
12641 0.5071362853050232 3.950481414794922
15721 0.4095398485660553 2.8975117206573486
10999 0.47494733333587646 0.962978184223175
15861 0.3633557856082916 2.6240925788879395
13806 0.32047587633132935 2.8426454067230225
11961 1.7122095823287964 -0.019285494461655617
10647 4.139278411865234 -0.4085429906845093
12223 2.7527623176574707 -0.1318526268005371
15656 1.8574450016021729 0.013746781274676323
15624 1.9076062440872192 0.06299661844968796
15245 0.3828752040863037 2.7215373516082764
14457 1.6412094831466675 0.2162822186946869
14804 0.3399141728878021 2.6561732292175293
13347 0.9678871035575867 0.6882050037384033
13768 0.3496682345867157 2.260993719100952
12365 2.0830233097076416 -0.10712309181690216
10414 3.3627657890319824 -0.3288417160511017
15049 0.38167843222618103 2.836705207824707
10685 1.7341488599777222 0.1525716483592987
11375 1.5221121311187744 0.17848731577396393
10923 0.33565688133239746 2.61102032661438
12268 0.3646096885204315 2.9792866706848145
14672 1.1312832832336426 0.4050922095775604
13282 2.9351565837860107 -0.21554043889045715
13297 0.7086514234542847 0.5885151028633118
13433 1.1967310905456543 0.3464185893535614
12899 1.0029323101043701 0.44124358892440796
11468 1.3355746269226074 0.24669791758060455
15709 0.35256803035736084 2.4875564575195312
12363 0.8280096650123596 0.4093873202800751
11214 0.40182510018348694 2.6243996620178223
14557 2.0920164585113525 -0.11378615349531174
13700 3.2316083908081055 -0.21351946890354156
14474 0.37570568919181824 2.617016315460205
12615 0.38283640146255493 2.8912105560302734
13397 0.39123445749282837 1.7595851421356201
12108 3.2416341304779053 -0.3168206214904785
11525 1.3910975456237793 0.2630566358566284
14530 1.3203763961791992 0.3159274160861969
15323 2.1729094982147217 -0.0184642244130373
11506 2.4239933490753174 -0.16644836962223053
13502 2.1281685829162598 0.1255233734846115
11517 2.0653529167175293 0.01311521790921688
14320 2.5483641624450684 -0.09003372490406036
15700 0.43185052275657654 3.1479203701019287
13894 0.43832069635391235 3.054631233215332
14718 0.4257459044456482 3.0825939178466797
15057 1.5486342906951904 0.20216941833496094
14006 1.9291596412658691 0.07735317945480347
10347 1.4287030696868896 0.31425854563713074
12784 0.4832627475261688 3.8446242809295654
12932 2.6281650066375732 -0.15071821212768555
14109 2.00426983833313 0.061354316771030426
14430 2.5306761264801025 -0.030815448611974716
14197 1.446542739868164 0.19212563335895538
12720 0.5181432366371155 3.932124376296997
10325 1.0729354619979858 0.3839321732521057
11085 1.3813434839248657 0.2541774809360504
11308 2.452742576599121 -0.03367244824767113
10146 2.051567792892456 0.06261781603097916
14088 0.4200173020362854 3.7039284706115723
12519 1.17658531665802 0.37877586483955383
10405 0.46561959385871887 3.25933837890625
13295 1.8314173221588135 0.14541947841644287
11643 0.3976993262767792 2.8752691745758057
14447 2.5215728282928467 -0.017598377540707588
10561 1.046285629272461 0.44675949215888977
14802 2.76676607131958 -0.1641862839460373
12265 2.077643632888794 0.016523437574505806
12882 2.2692501544952393 0.05894690752029419
16218 1.6190804243087769 0.22766339778900146
10313 0.45304131507873535 3.3818020820617676
15582 1.2094875574111938 0.40050771832466125
13369 0.44358494877815247 3.2380402088165283
13540 0.8015323281288147 0.6753139495849609
11762 0.7169486284255981 0.7562435269355774
10041 0.4094102382659912 3.590243101119995
12633 0.1948707401752472 1.9437832832336426
13344 2.5483477115631104 -0.03614099696278572
13936 1.353603482246399 0.11725490540266037
16429 2.3984856605529785 -0.1302017867565155
15570 1.3727514743804932 0.21104256808757782
16520 2.399700403213501 -0.20325174927711487
14646 1.364620566368103 0.31221747398376465
15785 0.3273715376853943 2.5855865478515625
14125 0.3754858374595642 2.717384099960327
11624 3.499483108520508 -0.24344266951084137
13767 0.4131843149662018 3.019857168197632
13704 0.37303680181503296 2.995138645172119
11227 0.5051054954528809 3.8658406734466553
10348 1.0146499872207642 0.352215051651001
10630 1.0381516218185425 0.4318283498287201
15481 2.0732667446136475 -0.0019200508249923587
13934 0.3344052731990814 3.065525531768799
14816 0.38156652450561523 2.9733738899230957
11871 0.03520345315337181 -0.14262889325618744
14986 2.301939010620117 0.024870537221431732
14880 0.41131705045700073 3.0997190475463867
15248 0.42169931530952454 3.1317977905273438
11535 0.4343333840370178 3.4549307823181152
15020 1.6193046569824219 0.1623200625181198
16454 2.2475948333740234 -0.07727872580289841
12235 0.37368276715278625 2.424870014190674
12214 0.3977442979812622 2.759709119796753
15344 1.2373661994934082 0.41369500756263733
15713 2.8859050273895264 -0.302585244178772
12709 0.5053690671920776 3.578885078430176
15411 2.033402442932129 0.10591213405132294
13788 1.6669412851333618 0.15313740074634552
15628 2.4391415119171143 -0.09364413470029831
16543 2.210353374481201 -0.06028008833527565
10198 2.9662630558013916 -0.22794780135154724
15282 0.4196002781391144 3.140984058380127
11756 0.4705549478530884 3.5047974586486816
12185 1.3543214797973633 0.3416600823402405
10744 1.1278024911880493 0.2434508055448532
11845 0.39415982365608215 2.821777820587158
12307 0.9247522950172424 0.20988033711910248
15708 0.6748502850532532 4.287236213684082
15707 0.8045940399169922 4.970139503479004
12982 1.257554531097412 0.3999404013156891
14295 0.7128686308860779 4.497524261474609
11646 1.4335148334503174 9.39863109588623
14467 0.7501898407936096 0.6197553873062134
11538 0.7576861381530762 0.6374661922454834
11952 0.45082998275756836 3.2364633083343506
12250 2.8995020389556885 -0.255325049161911
11885 0.4273087978363037 2.5796308517456055
15458 0.6593201160430908 0.7662351131439209
13809 2.4720547199249268 -0.029494984075427055
14712 1.2092914581298828 0.33327093720436096
11833 0.36208388209342957 2.703793525695801
16739 1.5428171157836914 0.10811726748943329
12574 1.171321988105774 0.21626777946949005
14691 1.496066927909851 0.276538610458374
13890 0.6276395916938782 0.6425789594650269
10385 0.9552831649780273 0.5123361945152283
10065 0.3979165852069855 3.1989047527313232
12653 0.4763266146183014 3.067678928375244
13046 2.3885810375213623 0.06818471103906631
14698 1.365133285522461 0.3287328779697418
14656 1.984722375869751 0.03214540332555771
11641 2.6560075283050537 -0.11252667009830475
11834 1.8672072887420654 0.050491660833358765
14493 0.3113439679145813 2.1195647716522217
15236 0.23376940190792084 1.7856719493865967
11245 0.220964252948761 1.2357991933822632
10838 0.7417943477630615 0.29941079020500183
12868 0.37844398617744446 2.6826508045196533
14468 0.4154472351074219 3.425330400466919
14268 0.4519006609916687 3.42750883102417
15447 1.4937111139297485 0.14370468258857727
11188 0.28214144706726074 1.8382574319839478
12956 1.2124649286270142 0.4077967703342438
15171 0.35010606050491333 2.56341290473938
12866 0.3871181905269623 3.2101707458496094
13450 2.359905242919922 -0.19160422682762146
15532 0.4687129557132721 0.9204080104827881
11399 0.5325734615325928 1.0442010164260864
12412 0.9083251953125 0.4600979685783386
15160 0.42348283529281616 2.987352132797241
14303 1.1134777069091797 0.42708972096443176
14628 0.5535915493965149 3.0535531044006348
15041 1.1394166946411133 0.4094187617301941
11098 0.6965073943138123 0.565033495426178
10910 1.4419472217559814 0.1994108259677887
11883 3.5496861934661865 -0.3917379379272461
11908 0.951979398727417 0.5263363718986511
11905 2.1612236499786377 0.05807049944996834
11559 0.4486856758594513 2.968388795852661
12195 0.47965309023857117 3.6340372562408447
11869 0.6301038861274719 0.7888749837875366
13211 2.5039217472076416 -0.0690106451511383
15023 1.344334602355957 0.2882213294506073
14794 1.3875194787979126 0.32676202058792114
13629 0.4046820104122162 2.797489881515503
10396 0.4286569058895111 2.7679004669189453
15882 2.5594496726989746 -0.08565432578325272
16428 0.5242419242858887 1.023108959197998
14674 1.8836159706115723 0.11586850136518478
13109 0.9411321878433228 0.7181236147880554
11288 0.9167550206184387 0.32936421036720276
13398 2.475303888320923 -0.15240414440631866
11675 2.8968429565429688 -0.322853684425354
16721 2.3912811279296875 -0.06838511675596237
15093 2.1088931560516357 0.04721802473068237
11827 3.0653536319732666 -0.158937007188797
12598 2.062873363494873 0.020770777016878128
15250 0.36335664987564087 2.485633134841919
10172 1.5223075151443481 0.30695024132728577
10589 2.829216480255127 -0.20572218298912048
13034 0.9372251629829407 0.7096576690673828
15124 0.36798691749572754 2.559566020965576
16709 2.063709020614624 -0.009039217606186867
14182 2.1173155307769775 -0.07483825087547302
12392 3.0157277584075928 -0.14608460664749146
11331 2.6805434226989746 -0.11506033688783646
12511 1.7138422727584839 0.16412419080734253
11587 4.003068923950195 -0.3646223545074463
13125 2.341841697692871 -0.14648838341236115
13008 2.74786376953125 -0.24104516208171844
16654 0.6911554336547852 4.28419828414917
12652 1.335471272468567 8.840675354003906
12492 0.9830465912818909 0.6551470160484314
14397 2.4435906410217285 -0.0636974647641182
13714 0.44143146276474 3.3117728233337402
13307 1.6968295574188232 0.22262054681777954
11058 1.2132573127746582 0.2093214988708496
15310 0.9773654937744141 0.4147452116012573
12951 2.336544990539551 -0.00252906559035182
15511 2.131598711013794 -0.022058872506022453
13348 1.5789880752563477 0.18232589960098267
14842 1.226532220840454 0.2601165771484375
12708 0.48613241314888 3.6476659774780273
11994 1.9529772996902466 -0.015028618276119232
14231 2.357588529586792 -0.15936245024204254
13418 1.426027536392212 0.11006759107112885
10476 0.7630285620689392 0.8853734731674194
15504 0.372428834438324 2.3708972930908203
14485 0.34074464440345764 2.754648208618164
12370 0.21516941487789154 1.753079891204834
11007 0.3634907603263855 2.6135411262512207
10241 0.32942917943000793 1.9470480680465698
16665 1.1308832168579102 0.33635684847831726
15177 1.2926342487335205 0.25722813606262207
12171 0.2658367455005646 2.084758996963501
14332 2.2923951148986816 -0.13458548486232758
16340 0.10823680460453033 1.8797518014907837
12119 3.88198184967041 -0.3755028545856476
10728 1.3103666305541992 0.33683955669403076
11495 1.747558355331421 0.10145148634910583
14025 2.6887216567993164 -0.10292180627584457
11699 2.8885746002197266 -0.1085369884967804
10562 2.8572328090667725 -0.08571294695138931
15842 1.9009015560150146 0.125534325838089
15011 3.1631062030792236 -0.1882096379995346
13829 1.5597013235092163 0.2302589863538742
13983 2.26663875579834 0.022815274074673653
12263 1.7834019660949707 0.16948461532592773
14871 0.842589795589447 0.4859766662120819
13785 0.26275119185447693 0.8408498167991638
11367 0.14896142482757568 1.9436355829238892
15754 0.07303860038518906 1.6657357215881348
12815 0.13100841641426086 2.032787799835205
11092 1.148941993713379 0.47675371170043945
11392 0.7814155220985413 6.434226989746094
11714 2.6207616329193115 -0.08525915443897247
13292 0.38040173053741455 2.29015851020813
13507 1.4892693758010864 0.09013660997152328
10687 1.1477774381637573 0.2760026454925537
14736 1.470613956451416 0.2593105137348175
12591 0.38725653290748596 2.4362661838531494
10770 0.5406094193458557 4.375384330749512
15086 0.4176410436630249 2.5920169353485107
13674 2.053712844848633 -0.0017342012142762542
14167 0.38602012395858765 3.196542263031006
10917 0.5534764528274536 4.38372802734375
13072 1.598985195159912 0.20772546529769897
11938 1.9221071004867554 0.09480531513690948
11512 0.38206031918525696 2.717930316925049
14938 1.998194932937622 0.011700604110956192
14412 0.41516345739364624 2.8826982975006104
16681 2.758284568786621 -0.22062502801418304
12916 2.6594178676605225 -0.22066307067871094
15381 1.6079190969467163 0.1923564374446869
10615 1.0541948080062866 0.5016867518424988
13827 1.0200488567352295 0.48257842659950256
10613 3.044757127761841 -0.26834219694137573
13259 1.5358747243881226 0.31328409910202026
13693 0.16066192090511322 2.2665634155273438
16730 1.4346110820770264 0.1395142674446106
10033 0.3392079472541809 1.2255717515945435
14520 2.8478848934173584 -0.18549394607543945
12335 3.8949525356292725 -0.3961067795753479
13947 1.3502485752105713 0.19191694259643555
16553 1.612371563911438 -0.19097717106342316
11470 0.9105981588363647 0.5553399324417114
14120 1.241498351097107 0.29875463247299194
13032 2.574345827102661 -0.03563287481665611
13587 1.6422977447509766 0.20745860040187836
16353 1.7305183410644531 0.1098676398396492
12841 0.4245443642139435 3.2815263271331787
11413 1.1351665258407593 0.33773741126060486
15853 0.4530145823955536 3.2445573806762695
11825 0.33414486050605774 2.28412127494812
15203 2.2338502407073975 -0.13718745112419128
12388 2.608060121536255 -0.12115758657455444
14996 2.1634321212768555 -0.04811793565750122
14863 0.36783871054649353 2.818087577819824
13467 0.40536659955978394 3.5244696140289307
15275 2.076219081878662 0.0649738758802414
15278 0.404520720243454 2.3320817947387695
11421 2.3549952507019043 -0.033591561019420624
13715 0.4886646568775177 3.683344602584839
11725 2.7492918968200684 -0.13014401495456696
11997 0.2798614799976349 2.1833837032318115
11522 0.45231661200523376 1.3413243293762207
10930 0.4274859130382538 1.35100519657135
11317 0.2897971272468567 1.315735101699829
15725 0.37392663955688477 2.524470329284668
12155 2.919553518295288 -0.1876589059829712
14582 0.4526228606700897 2.00583815574646
12016 0.43648049235343933 1.6992172002792358
12211 1.190617322921753 0.3264162242412567
11619 0.28670743107795715 2.3472933769226074
15008 2.177457332611084 0.008160045370459557
16727 1.9312372207641602 -0.07596538215875626
13987 1.8497004508972168 -0.09374676644802094
12855 0.4401070177555084 3.3272805213928223
14745 1.209151029586792 0.39391475915908813
15525 1.5601582527160645 0.2982000410556793
10204 0.2572994530200958 2.067636251449585
15930 0.7232266068458557 0.5597595572471619
13111 0.3723253309726715 2.631608724594116
14054 0.7763461470603943 0.5371168851852417
12103 0.7573193907737732 0.6388556957244873
13117 1.2594224214553833 0.29241427779197693
10017 0.3838016092777252 3.146820068359375
14533 1.5579081773757935 0.20969294011592865
12455 1.5838910341262817 0.141118586063385
16363 2.4138240814208984 -0.08513156324625015
16743 1.46840238571167 0.14626768231391907
12131 1.0020540952682495 0.35772979259490967
10670 3.176738977432251 -0.34628376364707947
12255 1.0775426626205444 0.4440998435020447
14572 0.478717178106308 2.214719295501709
11471 1.8476674556732178 0.11541377007961273
12663 0.41990360617637634 3.128282070159912
14475 0.9968584179878235 0.35535797476768494
16647 0.501707911491394 1.0724294185638428
14222 0.5055965781211853 0.9592753052711487
12944 2.360318422317505 -0.15050877630710602
13543 2.2909727096557617 0.03845290467143059
16731 2.4294192790985107 -0.1644001007080078
14704 2.7181994915008545 -0.10372067242860794
11041 0.9526723623275757 0.4196507930755615
12039 1.2754223346710205 0.2510426342487335
15440 2.593583822250366 -0.10543402284383774
10157 0.465337872505188 1.3376572132110596
15650 0.7118896842002869 0.6622554063796997
10011 0.5623774528503418 1.1402865648269653
13182 2.254539966583252 -0.11359834671020508
10460 1.059579610824585 0.2187022864818573
13546 0.9501323699951172 0.3628639280796051
14236 1.7406467199325562 0.19206780195236206
11479 0.4916917681694031 0.6176493167877197
13200 1.0223557949066162 0.49192965030670166
14062 0.1843143105506897 1.5489020347595215
12018 0.8538854718208313 0.48584598302841187
12315 0.4232252538204193 3.032867908477783
15401 1.9541109800338745 0.0890861302614212
12553 0.4087314307689667 0.8726232051849365
12132 0.9875704050064087 0.47011664509773254
14819 0.5388016104698181 0.6869837045669556
10783 0.4239627718925476 2.63554310798645
16345 0.09709416329860687 1.8274638652801514
11274 1.9625507593154907 0.05042407661676407
10016 0.3967369794845581 3.182314872741699
10380 1.7211968898773193 0.16176006197929382
13077 2.0571138858795166 0.045899055898189545
13676 0.405366986989975 3.036738395690918
13520 0.9776199460029602 0.7079017758369446
12436 0.21511681377887726 0.8823246359825134
10617 0.3113064467906952 0.9554479122161865
15991 0.3122553527355194 1.6184651851654053
10925 0.6546319723129272 0.639205276966095
16311 0.402129203081131 2.7734556198120117
16715 2.323674440383911 -0.13990920782089233
11050 0.7925513982772827 0.5909813642501831
11283 1.028782844543457 0.42926323413848877
12622 0.12073120474815369 1.7718017101287842
15215 0.45455145835876465 1.725882887840271
15446 0.31559452414512634 2.871978998184204
14254 2.398914098739624 -0.011187676340341568
13949 1.9710533618927002 0.13450880348682404
15838 0.48179978132247925 3.7583656311035156
16736 1.9604328870773315 0.05398756265640259
13484 1.44110107421875 0.12493759393692017
11650 1.050377607345581 0.40210381150245667
11463 0.3065304756164551 2.4491121768951416
16725 1.5619628429412842 0.24405603110790253
12332 0.879294216632843 0.617347002029419
12494 2.527534246444702 -0.1147465929389
12576 1.4618666172027588 0.25723764300346375
12207 0.9630075693130493 0.4817032217979431
15856 0.6047945618629456 3.387777328491211
15497 2.2091314792633057 0.009374604560434818
13984 2.0834124088287354 -0.11252093315124512
16634 2.611738443374634 -0.1556064486503601
13490 1.6145930290222168 -0.08139515668153763
12599 2.7608931064605713 -0.2593050003051758
12621 0.3634088635444641 2.2890284061431885
15581 0.35393407940864563 2.263633966445923
14955 0.47008126974105835 1.3497728109359741
13194 1.286156177520752 0.3494164049625397
13255 3.1380503177642822 -0.2186966836452484
12297 0.5886179208755493 0.8091323375701904
10076 0.35606178641319275 2.4269819259643555
14229 0.09498904645442963 1.8636640310287476
13865 0.8944128751754761 0.4770721197128296
10950 0.7807146906852722 0.5665574669837952
15539 1.1039544343948364 0.48779264092445374
10569 1.0894101858139038 0.29139426350593567
11656 2.1979236602783203 -0.1747174859046936
12771 0.3315553069114685 2.8722856044769287
12955 1.8758771419525146 -0.042230989784002304
12745 0.5389012694358826 1.0543709993362427
12177 1.092679500579834 0.4802131652832031
13504 0.1449228823184967 2.022024631500244
14237 0.9147493243217468 0.5496821999549866
13361 1.7611761093139648 0.04391719773411751
15273 2.5736968517303467 -0.06723844259977341
13555 3.265293836593628 -0.2100001871585846
11487 0.34048622846603394 2.146672010421753
12869 0.3286137282848358 2.9011149406433105
10535 4.586147308349609 -0.5056602358818054
15232 1.2593333721160889 0.2843058109283447
13219 0.8724990487098694 0.3292209506034851
13501 3.1433730125427246 -0.1849755346775055
10005 0.3498132824897766 1.3646774291992188
15454 1.862277865409851 0.09459027647972107
13862 1.0457834005355835 0.5176517963409424
12705 0.29734161496162415 2.6197402477264404
11002 0.42950439453125 1.4282035827636719
12854 0.3351774215698242 2.953254222869873
15090 0.41923290491104126 2.2117176055908203
13226 0.44524556398391724 2.163555383682251
15546 2.994230031967163 -0.2970205843448639
14371 2.488821268081665 -0.17355570197105408
12965 1.2981165647506714 0.332069456577301
12174 0.959606409072876 0.6479583978652954
12149 3.201979875564575 -0.1781483292579651
13003 0.4712965786457062 3.931107521057129
11453 2.6591808795928955 -0.021508557721972466
10237 0.34407317638397217 1.2196357250213623
10982 0.35637736320495605 0.958973228931427
14648 1.8835914134979248 -0.06588203459978104
13826 0.5281899571418762 1.2300639152526855
13424 1.3942689895629883 0.21167145669460297
13863 0.33819690346717834 3.175964593887329
14769 2.2537782192230225 -0.11871377378702164
13055 0.7423931956291199 4.578836441040039
15550 1.8390635251998901 0.16014622151851654
15973 0.8119637966156006 0.6612476110458374
13763 0.8389788866043091 0.48938900232315063
13771 1.338902473449707 0.22845673561096191
13195 2.1159160137176514 0.04456719756126404
16588 3.123680830001831 -0.30385658144950867
14618 0.783568263053894 0.3762539029121399
11200 0.6928238272666931 0.5178883671760559
10361 0.9825327396392822 0.37076982855796814
16651 0.6873528361320496 4.3491950035095215
14435 0.11548317968845367 0.2978862524032593
12649 0.5037255883216858 4.148200988769531
11813 0.3688700795173645 2.7758800983428955
11592 2.1781368255615234 -0.07917943596839905
11992 3.972886562347412 -0.3609413504600525
13564 0.4708528518676758 4.176088333129883
11924 0.6818310618400574 5.7437849044799805
11053 0.639889657497406 5.122777938842773
12012 1.732582688331604 0.21261638402938843
10006 0.40405142307281494 3.4265458583831787
15982 1.300673007965088 0.38852187991142273
14270 0.09596891701221466 2.0676755905151367
12402 1.1146310567855835 0.5298984050750732
10050 0.5187591314315796 4.0244855880737305
13899 0.4601932466030121 3.390205144882202
15427 3.0610151290893555 -0.32084184885025024
15793 0.14031320810317993 1.8744442462921143
15731 0.39421865344047546 2.5051567554473877
15472 0.36473339796066284 2.632235050201416
15607 1.4319543838500977 0.11948661506175995
11879 0.979536771774292 0.4744567275047302
13024 0.44462451338768005 0.8682601451873779
13505 2.8738303184509277 -0.26096779108047485
10221 0.7342722415924072 0.6575776934623718
12190 1.3491148948669434 0.21053962409496307
12773 0.1421167254447937 1.9707472324371338
15934 0.456143856048584 3.596517324447632
11659 2.344454526901245 0.07551994174718857
10817 1.130959153175354 0.3397068381309509
16728 2.7514655590057373 -0.2291010618209839
16682 2.1539556980133057 -0.0988730937242508
14046 0.4599575400352478 3.520900011062622
10039 0.34247463941574097 1.2205095291137695
12252 0.16091442108154297 1.7907365560531616
16729 2.4237124919891357 -0.1714111566543579
14543 1.045110821723938 0.4859514534473419
13381 0.36273178458213806 2.123976469039917
14993 0.6583604216575623 0.7160306572914124
16339 0.38520845770835876 2.546401023864746
13246 0.3839746117591858 0.6767200231552124
15138 2.123703956604004 0.038695819675922394
15706 0.7005478739738464 0.5922727584838867
10927 3.225721597671509 -0.30842235684394836
10511 0.5550528168678284 0.9867459535598755
13781 2.266587018966675 -0.1562693566083908
11198 0.6042070984840393 0.703920304775238
14283 1.2558575868606567 0.2737696170806885
15406 0.5514633655548096 4.202433109283447
12983 0.13304848968982697 1.9370677471160889
15063 0.4268670082092285 2.22847318649292
11663 0.9456162452697754 0.557248592376709
13881 0.19446571171283722 -0.19699636101722717
14028 0.26466768980026245 1.7970443964004517
16696 0.3822683095932007 2.9695565700531006
11975 1.6820919513702393 -0.18773941695690155
11430 0.9855294227600098 0.37756669521331787
10400 1.0585321187973022 0.2808472812175751
16668 0.4134136438369751 2.6096856594085693
14965 1.0620235204696655 0.4514450132846832
13463 0.5120779275894165 0.3137398064136505
11388 0.4147222638130188 2.3418991565704346
16390 0.4306511878967285 3.285496711730957
12187 0.4444781243801117 0.39872080087661743
11315 1.3585879802703857 0.33075273036956787
10324 0.35768306255340576 3.1114401817321777
15010 2.1656346321105957 0.01986023224890232
15847 3.124349355697632 -0.3422021269798279
10938 0.3466663658618927 2.4617621898651123
12743 0.3705123960971832 3.1879940032958984
15881 0.4119017422199249 3.0982065200805664
10918 1.9754061698913574 0.1552235186100006
11732 0.5112694501876831 0.3226678669452667
16742 1.7482309341430664 0.09600000083446503
10267 1.0932503938674927 0.33601051568984985
15030 1.6191986799240112 -0.21086567640304565
11036 0.31805408000946045 2.2768828868865967
16724 1.747288703918457 0.10697905719280243
13791 2.4722330570220947 -0.029631853103637695
13599 2.8339970111846924 -0.22561943531036377
13221 1.8849676847457886 0.21310743689537048
15091 0.286357581615448 2.8624684810638428
10085 0.4072608947753906 3.1978437900543213
14812 1.3322802782058716 0.35573193430900574
11673 1.589296817779541 0.038282040506601334
16741 2.057863473892212 -0.001395251601934433
15971 1.3130961656570435 0.38608235120773315
12028 0.9848636984825134 0.19438675045967102
14551 0.3753546178340912 2.2373783588409424
13630 2.9474525451660156 -0.29730916023254395
16723 0.4104740023612976 2.2553417682647705
11545 0.2711746096611023 1.8658719062805176
12078 1.2983757257461548 0.2151000201702118
13736 2.5591869354248047 -0.019390884786844254
16441 1.991937518119812 -0.027183931320905685
15012 0.42604881525039673 2.9992570877075195
14424 1.6436736583709717 0.2622004449367523
14785 2.1318461894989014 -0.054422006011009216
13525 0.43285366892814636 0.11683632433414459
10945 1.2530369758605957 0.4310942590236664
12134 0.7205507159233093 0.7838854193687439
11947 2.3597447872161865 0.04162519797682762
10946 0.8411534428596497 0.36446160078048706
16643 2.4828155040740967 -0.156748428940773
10278 0.3800601661205292 3.2117037773132324
16720 0.3195205628871918 2.370044231414795
15051 1.496451497077942 0.24882414937019348
12484 0.8674859404563904 0.4083421230316162
16527 2.4903244972229004 0.009555904194712639
15843 0.96745765209198 0.5021923184394836
14617 0.8573805093765259 0.4899032711982727
10040 0.3658294975757599 2.3650684356689453
11627 0.4857916533946991 1.319562315940857
12232 0.7154035568237305 0.3591587245464325
12571 3.156754970550537 -0.15557004511356354
13689 0.9446926116943359 0.3092189431190491
12583 0.3519711196422577 2.904841899871826
10052 0.34633591771125793 2.4359071254730225
10857 1.2650290727615356 0.2668492794036865
16746 0.8378737568855286 0.5446840524673462
14044 2.965108633041382 -0.31163012981414795
11720 0.2600758373737335 1.5693817138671875
14751 2.22050142288208 -0.1042909026145935
15939 1.3758643865585327 0.3553503453731537
16710 1.7220940589904785 0.10816144943237305
11299 0.35170379281044006 2.9059433937072754
13192 0.6533766388893127 0.8254861235618591
12870 0.3279629051685333 2.8788278102874756
13536 0.5066398978233337 1.0487306118011475
13574 0.48117077350616455 4.213855266571045
10543 1.3611223697662354 0.14536625146865845
13115 0.4294227659702301 3.2851436138153076
14750 2.3885698318481445 0.030634835362434387
14601 0.45400646328926086 2.212087869644165
14922 1.3973850011825562 0.33601441979408264
10224 0.6362001299858093 0.4123055338859558
14972 1.046667456626892 0.4872737526893616
13493 2.224573850631714 -0.10583287477493286
11824 2.5233123302459717 -0.01480238325893879
10015 0.36331692337989807 3.1517136096954346
16515 0.7558043599128723 0.5618147850036621
12245 1.0937845706939697 0.4310789704322815
10419 1.3125314712524414 0.15274445712566376
11431 1.710283637046814 11.099164962768555
14218 0.38913223147392273 2.52254581451416
15108 0.8411908149719238 0.5991804599761963
11135 1.3092542886734009 0.2103053629398346
12883 1.025241494178772 0.1400691121816635
15235 1.1315829753875732 0.4259296655654907
14024 2.093482494354248 0.03629555180668831
14855 0.32848837971687317 2.9234001636505127
13016 0.3783181309700012 2.5708141326904297
10275 0.524549126625061 0.6054782271385193
11230 0.33658671379089355 2.075711488723755
13756 1.8203500509262085 0.1750314086675644
10961 0.19193007051944733 2.482609510421753
15774 0.48962342739105225 3.196176052093506
13685 2.2751617431640625 -0.15042774379253387
12857 0.14495335519313812 1.9544214010238647
14091 1.2029426097869873 0.28614234924316406
13537 2.2463557720184326 -0.010676048696041107
11856 0.6630231738090515 0.42793911695480347
14630 2.5327115058898926 -0.08312959969043732
11282 1.2003421783447266 0.3938812017440796
11341 0.15565155446529388 1.8658946752548218
15154 0.5955965518951416 0.49345043301582336
16463 3.1379992961883545 -0.3343208134174347
15534 0.6687123775482178 0.4223172962665558
13389 0.6759741902351379 0.5780121088027954
14897 1.5032355785369873 0.2173456847667694
15433 2.030468225479126 -0.06157383322715759
14488 0.45367634296417236 0.805023193359375
14706 2.371159791946411 -0.16496694087982178
11684 0.6453152298927307 0.3732368052005768
16738 0.10033053159713745 1.011905312538147
16737 0.17294952273368835 1.1178967952728271
16584 0.38146209716796875 2.092691659927368
16744 1.4420959949493408 0.14904345571994781
13044 1.4407505989074707 0.15642806887626648
15548 2.2909648418426514 -0.21536900103092194
11401 0.13915622234344482 1.960463047027588
11633 0.2338176965713501 1.6946028470993042
11840 1.9234485626220703 0.15808935463428497
10967 0.3942411243915558 0.1723307967185974
10064 0.34014010429382324 2.315157890319824
16336 1.5811090469360352 0.275534987449646
14695 1.8494467735290527 0.14465567469596863
12774 0.23753204941749573 1.4758121967315674
11391 1.5518991947174072 0.023743223398923874
14943 1.63223397731781 0.2512935400009155
14944 0.8319077491760254 0.4063616991043091
16581 0.35621434450149536 2.351302146911621
14992 0.1031235083937645 0.9962381720542908
14945 0.18784986436367035 1.1087952852249146
16698 0.36696502566337585 2.333360433578491
10042 0.4154016673564911 3.5802531242370605
13176 0.31719696521759033 0.18329060077667236
11702 0.2569730281829834 1.3181703090667725
10715 0.8150521516799927 0.6788186430931091
13841 0.2936335504055023 1.59485924243927
11197 1.3731534481048584 0.3224390149116516
12375 0.31766611337661743 0.29171979427337646
14565 1.3945761919021606 0.18327175080776215
12847 0.1605226844549179 1.977699875831604
11859 0.3728521466255188 2.1839470863342285
15231 0.2299911230802536 1.6000295877456665
12785 0.3352581560611725 2.856748342514038
15897 1.429522156715393 0.3339881896972656
12079 0.27859601378440857 1.73090660572052
12054 1.950382113456726 0.13235105574131012
15885 0.1126679927110672 1.8396588563919067
12068 1.2076503038406372 0.1189819797873497
10317 0.8121030926704407 0.4240991175174713
16722 2.58829402923584 -0.1374540477991104
12127 0.8155409693717957 0.5022788643836975
10424 0.05268660560250282 -0.10904699563980103
10030 0.4276410937309265 3.7154147624969482
14778 0.8676605224609375 0.44090893864631653
16346 0.12508796155452728 1.8949793577194214
12947 0.6556549072265625 0.28350335359573364
14542 1.9734302759170532 0.13843753933906555
14470 3.6737494468688965 -0.31404489278793335
15599 0.3608326315879822 1.9944987297058105
11828 0.37078338861465454 2.279768943786621
