12343 0.21518918871879578 0.7956181764602661
12129 0.47570401430130005 1.3651856184005737
13277 1.943725824356079 4.191976547241211
11996 2.715156078338623 11.487034797668457
13796 10.509688377380371 9.484587669372559
13476 2.648752212524414 1.8125041723251343
15061 4.4345903396606445 0.9456902742385864
14559 3.4031195640563965 1.2168540954589844
14314 3.1649160385131836 2.561649799346924
12889 6.053871154785156 14.664831161499023
13029 2.6222946643829346 5.2115020751953125
11726 0.27367129921913147 2.1194448471069336
10868 0.0 5.410473346710205
10599 0.0 4.286682605743408
14685 6.452008247375488 7.348484039306641
12953 5.580326557159424 13.755196571350098
13772 2.386363983154297 0.5821133852005005
13303 8.220751762390137 13.933989524841309
14711 2.9486777782440186 4.010136604309082
11423 1.355143666267395 9.707075119018555
10155 0.01097065955400467 1.0902059078216553
14679 12.309569358825684 10.859267234802246
13232 6.103434085845947 12.680636405944824
15618 6.854681491851807 3.7879581451416016
12892 6.0358357429504395 14.91722583770752
13203 1.1653661727905273 1.8742117881774902
10397 0.0 3.804719924926758
14057 12.766016006469727 9.927990913391113
11298 0.7310987710952759 12.043360710144043
14856 5.5528411865234375 0.872734010219574
12704 5.254413604736328 1.2768292427062988
11259 0.7810302972793579 10.41785717010498
11027 0.0 2.7249269485473633
14534 0.5658957958221436 1.4439339637756348
11097 0.0 0.863893985748291
11842 0.3880467116832733 0.981792688369751
10540 0.24202370643615723 2.2279462814331055
12992 4.228384971618652 8.583223342895508
12191 3.227863311767578 11.940035820007324
11537 0.7634986639022827 2.666229724884033
11193 0.6571223735809326 9.242310523986816
11146 0.8835848569869995 3.789255142211914
11503 0.5007918477058411 3.628127098083496
13198 6.2232465744018555 12.934249877929688
10800 0.0 6.196468830108643
13495 7.245450973510742 12.303837776184082
13487 8.816202163696289 15.083709716796875
14050 0.9203653335571289 3.222147226333618
13230 4.221325874328613 7.943345546722412
11057 0.12675175070762634 10.203124046325684
14100 10.032915115356445 11.443845748901367
11540 1.649887204170227 10.829554557800293
10279 0.0 1.4564828872680664
13486 3.1633405685424805 2.3321213722229004
11292 1.213584542274475 12.711445808410645
12278 3.2298591136932373 9.708822250366211
11867 0.6124685406684875 1.5019667148590088
10994 0.0 8.730156898498535
10693 0.0 5.7484354972839355
13342 7.34467887878418 12.692305564880371
11042 0.0 9.107914924621582
13264 2.5907135009765625 1.759169578552246
11563 0.3843412697315216 4.683818817138672
16091 6.266382694244385 8.500081062316895
14512 5.442471027374268 5.191355228424072
14747 14.096923828125 10.820855140686035
14027 7.609931468963623 8.336299896240234
12478 3.9934582710266113 11.133562088012695
13667 2.222780704498291 3.4955976009368896
12197 2.608151912689209 9.917781829833984
11697 2.173870086669922 11.81652545928955
13461 2.249413251876831 3.244020938873291
12448 1.531612753868103 3.8634426593780518
11973 2.1707358360290527 8.180908203125
11986 2.267040729522705 9.962821006774902
14814 5.831859111785889 6.206973552703857
15257 8.488468170166016 1.5707368850708008
10299 0.7076098918914795 0.0
13367 2.6685597896575928 4.540127754211426
12544 2.153207778930664 6.795267581939697
11711 0.7396215200424194 2.5413942337036133
10272 0.0 1.3649415969848633
15374 1.9097504615783691 2.5989232063293457
13244 7.578749179840088 14.705741882324219
14082 2.842961549758911 4.175185680389404
10408 0.3616553246974945 1.640193223953247
14869 14.430986404418945 10.750044822692871
11233 0.6392648816108704 3.7688584327697754
14307 9.006298065185547 9.274985313415527
14259 1.9306695461273193 2.2398626804351807
13851 7.825042247772217 13.467385292053223
13710 4.740378379821777 0.9351849555969238
12264 4.068726062774658 14.564081192016602
12222 1.0493197441101074 2.1280531883239746
14107 12.842109680175781 10.978815078735352
13341 2.4859349727630615 5.268249988555908
15249 5.759284019470215 6.453117370605469
13196 9.248506546020508 2.021451950073242
11028 4.811356544494629 1.0305092334747314
15356 3.214148998260498 3.5286402702331543
15841 2.414597988128662 0.3130349814891815
14828 4.786156177520752 1.2447835206985474
14898 0.3970382511615753 1.3771101236343384
14805 4.872000217437744 0.6100348234176636
12822 4.1596198081970215 0.8900449872016907
15167 19.310392379760742 8.637441635131836
11493 0.21979784965515137 0.7871185541152954
12397 1.198418140411377 2.3701443672180176
14321 7.547178745269775 8.141135215759277
15153 2.880427122116089 3.94679594039917
10792 0.0 6.359997272491455
10577 0.12970373034477234 1.0350276231765747
15295 3.81426739692688 4.70532751083374
10819 0.31736087799072266 2.1727447509765625
10529 0.0 4.385333061218262
14081 1.0773882865905762 1.3066312074661255
10463 0.21979784965515137 0.7871185541152954
14761 5.76497220993042 7.688442707061768
14683 12.502159118652344 11.642172813415527
12173 1.9334464073181152 7.07390832901001
14843 10.034872055053711 9.034951210021973
12339 5.138672351837158 15.882739067077637
13830 6.345656871795654 3.9353368282318115
13891 9.291316032409668 8.324712753295898
10559 0.1945514976978302 2.0515942573547363
14130 4.267637252807617 0.4697268605232239
12831 5.447049140930176 0.899966299533844
13541 1.2604317665100098 1.8496297597885132
11823 1.4007775783538818 7.305492401123047
10721 0.0 6.31171178817749
10713 0.0 4.156284809112549
14633 3.5026068687438965 3.5562188625335693
10965 0.0 2.268603801727295
12915 1.8393020629882812 4.260905742645264
10257 0.09441087394952774 1.9481796026229858
13485 5.302813529968262 8.31149959564209
10590 0.0 3.598320484161377
15016 11.895030975341797 11.380356788635254
11106 0.21979784965515137 0.7871185541152954
11013 0.27619659900665283 0.7478320002555847
11789 0.26688817143440247 1.4264410734176636
10781 0.0 3.577082872390747
10140 0.21979784965515137 0.7871185541152954
11481 1.6257131099700928 7.146528720855713
13871 6.473700046539307 11.648972511291504
10136 0.21979784965515137 0.7871185541152954
13290 1.7821178436279297 2.5020980834960938
13422 1.8058100938796997 3.202805995941162
11066 0.5609608888626099 8.236821174621582
15601 0.396831214427948 1.4195382595062256
11638 1.1133928298950195 4.728666305541992
14696 5.2328972816467285 6.324874401092529
13052 0.21979784965515137 0.7871185541152954
11603 1.2086479663848877 3.979065179824829
14122 10.667549133300781 12.052411079406738
12323 2.1036229133605957 5.881280422210693
14908 12.386700630187988 10.118030548095703
15741 0.0 0.0
12253 0.21979784965515137 0.7871185541152954
11865 0.7319299578666687 1.448956847190857
13930 9.649375915527344 15.092662811279297
11174 0.18233802914619446 0.9439558982849121
12884 2.1583945751190186 5.894479274749756
14282 3.2582151889801025 0.5926838517189026
12851 5.181155204772949 0.7903800010681152
14831 12.689844131469727 10.402375221252441
13158 3.1638689041137695 7.866672992706299
14771 14.386014938354492 10.835494041442871
12721 1.9480026960372925 0.0
10170 0.0 0.7962954044342041
12389 0.8556517958641052 1.640091896057129
15502 4.086466312408447 5.367756366729736
15376 11.40311050415039 8.853561401367188
15024 4.698273181915283 4.47045373916626
12451 4.046413898468018 10.545679092407227
12217 1.9890434741973877 5.891067028045654
11086 0.03175107389688492 1.9420363903045654
15096 8.745481491088867 9.415848731994629
12348 0.8616284132003784 3.4713797569274902
14627 11.802515029907227 2.5240912437438965
10416 3.6864781379699707 0.46591395139694214
14635 10.181291580200195 10.29623031616211
12898 1.259515643119812 1.9837548732757568
15919 4.0582051277160645 5.790299892425537
12755 2.687157154083252 0.3660731315612793
11618 2.198301315307617 14.127182960510254
10849 0.0 3.5764288902282715
11637 0.9442834258079529 6.100729465484619
10409 0.21979784965515137 0.7871185541152954
14119 1.066601276397705 0.0
12638 2.09051251411438 0.0
14092 0.8274188041687012 1.9125946760177612
15862 4.156597137451172 0.34642547369003296
13770 5.949818134307861 0.909531831741333
14255 0.6612873077392578 1.8959308862686157
12587 0.17947986721992493 0.777450680732727
10785 0.47064489126205444 2.6704835891723633
11109 0.5546303391456604 6.270688533782959
11617 0.6961022615432739 2.566152334213257
11267 0.8904380798339844 8.642518043518066
14853 0.19048959016799927 0.8077582120895386
14730 10.821682929992676 12.768895149230957
14492 10.491471290588379 11.487903594970703
13795 1.8132858276367188 2.9463911056518555
14574 3.553551197052002 4.59912633895874
11433 1.7073569297790527 12.679234504699707
11337 0.20815083384513855 1.138235092163086
10631 0.24165862798690796 0.8763881921768188
11445 2.1579771041870117 0.0
10926 2.200870990753174 0.03531322255730629
10996 5.00119161605835 1.1087566614151
14797 0.0 0.7110987305641174
12175 0.0 0.7221158742904663
10154 0.21979784965515137 0.7871185541152954
11775 1.1285090446472168 6.044963359832764
13873 8.964768409729004 0.0
10139 0.21979784965515137 0.7871185541152954
14477 0.0 0.0
13002 0.14174029231071472 0.23573407530784607
11721 1.611253261566162 6.55045747756958
13256 2.7137913703918457 4.2814483642578125
11995 2.4789252281188965 9.764752388000488
10158 0.21979784965515137 0.7871185541152954
11278 1.1703262329101562 9.540575981140137
11577 0.3671579957008362 1.261594295501709
12878 1.6342089176177979 3.559058666229248
10298 0.21979784965515137 0.7871185541152954
14108 2.545748233795166 3.250361680984497
15370 11.009495735168457 10.23865795135498
13061 3.3671822547912598 5.91119909286499
12917 2.4442856311798096 5.351886749267578
10683 0.4326777160167694 1.8357316255569458
11884 2.399806022644043 9.424595832824707
14588 2.0425167083740234 1.6849937438964844
10194 0.21979784965515137 0.7871185541152954
14524 8.851232528686523 9.466626167297363
11450 0.3974509537220001 1.3437414169311523
15887 5.566531658172607 0.5674276351928711
14689 6.54531717300415 4.341425895690918
13121 1.0032439231872559 1.6330530643463135
13535 0.8133246898651123 1.1629090309143066
11899 0.41194403171539307 0.8535640239715576
10933 0.0 1.8231427669525146
12945 4.5024566650390625 9.22315502166748
14792 0.16549867391586304 0.6737582683563232
14577 0.41930660605430603 1.309531807899475
10434 0.051654525101184845 2.337040901184082
10165 0.21979784965515137 0.7871185541152954
13931 8.174671173095703 9.81558895111084
12676 6.796056270599365 1.5433045625686646
12896 3.785244941711426 8.538954734802246
11921 0.9991534948348999 6.074339389801025
10056 0.21979784965515137 0.7871185541152954
12394 0.2687082290649414 0.7170563340187073
12244 0.8317170143127441 1.0808486938476562
11764 1.5921653509140015 5.957381725311279
10466 0.17535153031349182 2.09615159034729
15043 1.1914777755737305 1.6907763481140137
10747 0.0 4.361902236938477
11067 0.7715519666671753 2.706557035446167
12324 2.944844961166382 2.493586301803589
11550 5.173197269439697 1.021229863166809
12853 6.102391719818115 0.4679831564426422
10304 2.45497727394104 0.1978508085012436
12007 0.9745824337005615 4.225795745849609
13087 3.4795947074890137 1.868445634841919
11982 0.7986332178115845 2.4971816539764404
14112 5.567782878875732 7.243689060211182
10874 0.0 5.406008720397949
15879 0.7255900502204895 0.8390169143676758
10676 0.0 1.3160492181777954
13377 0.8385068774223328 2.4419331550598145
10268 0.21979784965515137 0.7871185541152954
14893 12.830131530761719 10.24632453918457
12003 0.8542134761810303 2.0780084133148193
10666 0.0 1.6584552526474
15579 6.225554943084717 0.0
11844 7.344621181488037 0.7190468311309814
13360 2.6135191917419434 4.481079578399658
11977 1.4236328601837158 5.055868625640869
13964 2.952770709991455 1.8346529006958008
12280 0.7668430805206299 2.134439468383789
10185 0.0 1.5724425315856934
13105 1.2693078517913818 2.2711286544799805
14670 0.19309505820274353 0.7948000431060791
16133 3.0133862495422363 3.8496828079223633
11111 0.0 3.572486400604248
12719 8.488362312316895 1.7187354564666748
15304 11.842558860778809 11.5785551071167
10216 0.22191399335861206 1.3515112400054932
11252 0.665136456489563 3.4612479209899902
13832 0.33126717805862427 1.1195310354232788
10141 0.21979784965515137 0.7871185541152954
10643 0.0 1.5516492128372192
15380 3.7449710369110107 3.7244582176208496
14570 10.94973373413086 8.868220329284668
10581 0.0 1.6068074703216553
14576 8.363801002502441 8.552495002746582
10731 0.26955628395080566 1.9887290000915527
10208 0.015639565885066986 1.3121098279953003
14252 3.2130322456359863 2.249838352203369
14288 0.9198330640792847 2.0868515968322754
14952 2.405670166015625 2.534609079360962
11898 1.187248706817627 3.61513614654541
14895 7.135526657104492 1.4432592391967773
11630 6.39358377456665 0.0
11615 0.42182445526123047 1.107283115386963
10754 4.092659950256348 0.46112051606178284
10247 0.2631763517856598 0.7236223816871643
14262 4.84301233291626 3.4816184043884277
11411 0.32217875123023987 0.8562544584274292
11648 0.865817129611969 2.709360122680664
11441 0.21979784965515137 0.7871185541152954
10821 0.0 8.007887840270996
14150 2.0094943046569824 1.8469290733337402
10423 0.08104047924280167 3.5696606636047363
14987 6.059600353240967 1.4802101850509644
15085 10.516162872314453 2.373281955718994
12807 8.878044128417969 0.4644226133823395
15412 6.5395073890686035 8.090065002441406
16680 0.7451006770133972 0.9132041931152344
11484 0.0 0.7792363166809082
14306 0.8100703954696655 1.3836824893951416
11003 0.5314385294914246 3.4756650924682617
14098 3.1078951358795166 3.5468850135803223
10431 0.3999922573566437 1.7995681762695312
10980 0.0 2.9354159832000732
10775 4.302165508270264 0.6235532164573669
15074 0.49852898716926575 1.8877918720245361
10779 0.21979784965515137 0.7871185541152954
11049 0.0 3.241696834564209
13241 0.0 1.3966153860092163
12758 3.3513078689575195 1.988736867904663
11790 0.14542368054389954 1.0441603660583496
13898 2.300529956817627 2.184319019317627
14273 2.1373229026794434 0.0
11336 3.0672225952148438 0.1570468544960022
13139 1.0029683113098145 1.955160140991211
12266 4.312854290008545 14.453203201293945
12441 1.8851553201675415 5.088850021362305
14716 0.7850788831710815 3.1514673233032227
15054 0.21813145279884338 0.730948805809021
12228 0.18651694059371948 1.1570873260498047
15027 2.038147211074829 2.2816824913024902
15798 4.143575191497803 0.6897364854812622
11492 3.3194332122802734 0.6195179224014282
11588 0.0 1.1905081272125244
11140 0.1783558428287506 5.251781463623047
12549 0.0 0.22213225066661835
12124 0.47710540890693665 1.260538935661316
12390 0.5037612318992615 1.9523451328277588
13464 0.0 0.7802441716194153
15048 1.0805420875549316 2.201716184616089
10627 0.23726660013198853 2.427499532699585
12523 3.6877660751342773 0.42789074778556824
10886 0.21979784965515137 0.7871185541152954
11165 0.21979784965515137 0.7871185541152954
14875 0.8702483177185059 1.4804198741912842
14905 3.9739503860473633 2.1256067752838135
11612 1.1525286436080933 3.5558412075042725
14942 0.0 0.8063039779663086
12184 4.2574615478515625 0.0
10732 0.16691944003105164 2.641535997390747
10815 0.23313981294631958 1.5695550441741943
12819 3.332775354385376 0.39207375049591064
15626 0.2322060465812683 0.784313440322876
11126 0.21979784965515137 0.7871185541152954
11456 0.5212926864624023 1.604809284210205
16704 0.24263110756874084 0.7865359783172607
14553 1.4099693298339844 4.09779691696167
11076 0.3618975579738617 1.1244735717773438
14744 0.25218260288238525 0.8393157720565796
11695 0.46607938408851624 1.4400410652160645
12728 3.2762856483459473 0.7456861734390259
12610 0.0 0.7126796245574951
14004 1.4532197713851929 1.5356945991516113
14193 6.894042491912842 6.4635186195373535
12748 2.0817904472351074 0.0
10245 0.45011821389198303 0.0
10327 0.21979784965515137 0.7871185541152954
15385 1.0398437976837158 0.27359285950660706
13127 1.204437255859375 2.710991382598877
15339 0.22426512837409973 0.764228880405426
11280 2.4005260467529297 0.582747757434845
12087 7.640891075134277 1.5676898956298828
14234 10.896005630493164 2.2357451915740967
15634 0.5295074582099915 0.5427743196487427
14539 0.8012646436691284 1.1254916191101074
13296 4.8766608238220215 9.06591510772705
12314 0.21979784965515137 0.7871185541152954
13884 0.7558573484420776 0.9274070262908936
10558 0.21979784965515137 0.7871185541152954
13577 4.6984028816223145 7.061196804046631
13434 10.186346054077148 2.2192413806915283
10551 5.069939613342285 0.19197764992713928
15325 0.3897184729576111 1.4131954908370972
10225 0.21979784965515137 0.7871185541152954
13415 3.4567763805389404 1.235306739807129
10990 0.09537563472986221 3.381749391555786
13655 0.4173740744590759 1.4090759754180908
10329 0.01097065955400467 1.0902059078216553
11941 2.6475067138671875 0.6512758731842041
12320 0.8771359324455261 2.4404096603393555
13958 0.8894862532615662 1.6178187131881714
10620 0.0 2.72182559967041
14131 1.4765888452529907 2.266763687133789
12055 0.6398671865463257 4.555936336517334
14783 3.497163772583008 4.835353851318359
10372 0.31453266739845276 0.7201367616653442
12094 1.1440389156341553 3.066408157348633
15448 0.7830307483673096 0.23552675545215607
15478 9.120792388916016 0.0
11953 1.1783236265182495 4.226202011108398
14709 7.865495204925537 0.0
11778 0.21699190139770508 2.111018419265747
13933 1.3800936937332153 2.1536381244659424
13204 6.017519474029541 12.528559684753418
12934 0.23589268326759338 0.7470381259918213
12635 0.682649552822113 0.05764850974082947
11511 2.014183282852173 0.0
11203 0.26313522458076477 0.8402447700500488
14487 2.5160582065582275 1.7381534576416016
15389 3.4923393726348877 2.284308433532715
12294 2.279646396636963 0.0
11531 0.47710540890693665 1.260538935661316
14877 0.9522550702095032 1.8890576362609863
15422 4.606832027435303 1.5986716747283936
13579 7.670506000518799 1.4760773181915283
12779 4.735168933868408 1.0585558414459229
10557 0.21979784965515137 0.7871185541152954
15293 2.0193865299224854 0.0
15163 0.8110735416412354 1.0404961109161377
15855 0.7469487190246582 0.8934308290481567
12737 2.7910892963409424 0.37850773334503174
16603 0.0 0.0
11669 0.21979784965515137 0.7871185541152954
11415 0.0 1.3481674194335938
10654 0.015639565885066986 1.3121098279953003
16479 0.7714105844497681 0.9400234222412109
14256 3.7969326972961426 0.48477035760879517
14113 1.4781363010406494 1.206762671470642
12772 0.448722779750824 0.0
10243 0.44586271047592163 0.0
12954 3.0753417015075684 8.001733779907227
11980 0.9241986274719238 2.609466075897217
12156 0.772225022315979 2.0292913913726807
12769 8.090950965881348 1.6237385272979736
13076 1.4096975326538086 3.5797243118286133
14960 2.656721591949463 2.293795108795166
12891 0.4566187262535095 1.1419003009796143
14013 4.253075122833252 0.6993116140365601
15825 0.28070366382598877 0.7665919065475464
10778 0.0 1.0844312906265259
12391 2.551469326019287 8.381247520446777
10333 0.21979784965515137 0.7871185541152954
10135 0.21979784965515137 0.7871185541152954
14102 5.669113636016846 0.5727987289428711
10640 0.0 0.8298248648643494
15070 5.052482604980469 4.748815059661865
11122 0.24933373928070068 2.9252851009368896
10349 0.01326509565114975 0.6522804498672485
12141 2.263988971710205 0.8105218410491943
14400 0.3504806458950043 0.7156897187232971
14919 2.7725415229797363 0.0
11241 4.367550373077393 0.912373960018158
13388 1.636246681213379 1.4869165420532227
10478 0.21979784965515137 0.7871185541152954
11510 0.21979784965515137 0.7871185541152954
13942 4.450535297393799 0.6100412607192993
13731 0.7915127873420715 0.9429696202278137
10661 0.0 0.6253666877746582
12671 0.7495284080505371 0.0
12321 4.414337635040283 0.0
15794 3.619767189025879 0.47311460971832275
13184 0.9456431865692139 2.1590800285339355
16567 3.0105507373809814 0.6965039372444153
14738 2.633094310760498 0.0
11123 0.8014289140701294 2.8421502113342285
13619 0.1379411518573761 0.7175313234329224
12888 0.6213240027427673 1.255706787109375
14489 2.9980854988098145 2.091186285018921
11931 0.274156391620636 1.0208704471588135
15569 0.374197393655777 1.7112045288085938
10184 0.21979784965515137 0.7871185541152954
10171 0.21979784965515137 0.7871185541152954
13459 0.22380179166793823 1.0264225006103516
12206 2.243553876876831 7.981173038482666
12844 0.0 0.7214850187301636
10322 0.21979784965515137 0.7871185541152954
12147 0.05187948793172836 1.0416349172592163
11870 0.21979784965515137 0.7871185541152954
15069 0.0 0.6946526765823364
11447 0.6213240027427673 1.255706787109375
13682 2.5922555923461914 0.7331920266151428
11555 5.158476829528809 0.0
11150 0.0051126256585121155 3.564948558807373
15554 10.473954200744629 2.3075385093688965
11719 0.542353630065918 2.6060562133789062
16540 0.5445890426635742 0.5551079511642456
14275 5.36914587020874 5.392935752868652
11376 0.0 1.2396870851516724
13151 0.22079139947891235 0.7628312110900879
13970 5.523229122161865 0.0
12559 0.8562037348747253 1.0556981563568115
11176 0.21979784965515137 0.7871185541152954
11728 0.6927016973495483 3.329415798187256
15045 5.441025257110596 2.3222832679748535
11344 0.21979784965515137 0.7871185541152954
16101 0.598452627658844 1.7404413223266602
12902 0.614932656288147 1.5051631927490234
10739 0.062329940497875214 0.6315340399742126
12782 0.44586271047592163 0.0
10053 0.21979784965515137 0.7871185541152954
16498 0.8479799032211304 1.029516339302063
10469 0.21979784965515137 0.7871185541152954
12641 0.7529659867286682 0.0
15721 7.665083885192871 1.239067554473877
10999 0.21979784965515137 0.7871185541152954
15861 3.7563209533691406 0.32594501972198486
13806 4.373815059661865 0.7333787679672241
11961 1.3860962390899658 0.8648240566253662
10647 0.26760706305503845 0.7590461373329163
12223 0.7491428256034851 2.912266492843628
15656 0.7659541368484497 0.906704843044281
15624 2.8795201778411865 3.705958127975464
15245 3.825127124786377 0.5283078551292419
14457 4.232485294342041 3.1616599559783936
14804 4.0330610275268555 0.31991779804229736
13347 0.0 0.048058707267045975
13768 5.970412731170654 1.2069907188415527
12365 0.7997345328330994 1.0511237382888794
10414 0.42182445526123047 1.107283115386963
15049 4.9301252365112305 0.469083696603775
10685 0.010903067886829376 2.6236062049865723
11375 0.21979784965515137 0.7871185541152954
10923 0.21979784965515137 0.7871185541152954
12268 3.1467323303222656 0.4910106956958771
14672 2.0949785709381104 1.371933937072754
13282 0.8473275899887085 1.0747733116149902
13297 5.603825092315674 2.413550615310669
13433 0.9387413263320923 2.2079906463623047
12899 2.07482647895813 1.5031553506851196
11468 0.6618416905403137 1.4289195537567139
15709 4.49595308303833 0.46211299300193787
12363 0.39466607570648193 1.3841266632080078
11214 0.16114023327827454 0.6544200778007507
14557 0.7451006770133972 0.9132041931152344
13700 0.22556570172309875 0.7129169702529907
14474 4.826319217681885 0.8753324151039124
12615 5.277915954589844 1.1118985414505005
13397 2.4005260467529297 0.582747757434845
12108 0.5460855960845947 1.1379289627075195
11525 0.09437427669763565 1.2319152355194092
14530 2.453713893890381 1.5752805471420288
15323 1.4483511447906494 3.3286538124084473
11506 0.0 0.8334217071533203
13502 2.7093191146850586 2.417240619659424
11517 0.0014576390385627747 0.9471758604049683
14320 0.0075436607003211975 0.7847135066986084
15700 1.9131748676300049 0.11079731583595276
13894 6.292281150817871 0.3879295885562897
14718 11.549939155578613 2.3398053646087646
15057 0.0 1.3542826175689697
14006 0.15191447734832764 0.7438579797744751
10347 0.21979784965515137 0.7871185541152954
12784 2.1133642196655273 0.0
12932 0.8253835439682007 1.0880380868911743
14109 1.8196520805358887 1.638276219367981
14430 0.24779948592185974 0.6900167465209961
14197 0.0 1.8631885051727295
12720 2.266263246536255 0.056588657200336456
10325 0.21979784965515137 0.7871185541152954
11085 0.0 1.3649415969848633
11308 0.40444856882095337 1.8101794719696045
10146 0.21979784965515137 0.7871185541152954
14088 0.0 0.7884566783905029
12519 0.6072748899459839 1.5242550373077393
10405 2.4005260467529297 0.582747757434845
13295 0.09682833403348923 1.711125373840332
11643 3.9341330528259277 1.3737095594406128
14447 0.23172888159751892 0.7175251245498657
10561 0.21979784965515137 0.7871185541152954
14802 0.9282113313674927 1.3182741403579712
12265 1.0225998163223267 2.812849760055542
12882 0.04310733824968338 1.3876593112945557
16218 0.4743019640445709 1.6932865381240845
10313 3.7738184928894043 0.773369550704956
15582 0.5951348543167114 1.4010188579559326
13369 10.803303718566895 2.3170862197875977
13540 0.0 0.9864128828048706
11762 0.0 1.2411415576934814
10041 0.21979784965515137 0.7871185541152954
12633 0.21979784965515137 0.7871185541152954
13344 0.31197747588157654 1.2356445789337158
13936 2.8240513801574707 1.5616493225097656
16429 0.57838374376297 0.6010234951972961
15570 2.0184457302093506 2.498156785964966
16520 0.7451006770133972 0.9132041931152344
14646 0.22135382890701294 0.7261734008789062
15785 3.7402005195617676 0.4180585741996765
14125 4.282358169555664 0.5549437999725342
11624 1.1225814819335938 3.2792773246765137
13767 5.3942742347717285 0.7055202126502991
13704 1.9962111711502075 0.06739933788776398
11227 4.367550373077393 0.912373960018158
10348 0.21979784965515137 0.7871185541152954
10630 0.21979784965515137 0.7871185541152954
15481 0.0 1.669740080833435
13934 0.46026411652565 0.0
14816 8.521973609924316 1.3969204425811768
11871 0.21979784965515137 0.7871185541152954
14986 5.136120319366455 5.188767433166504
14880 5.200168132781982 0.9737998843193054
15248 0.21935242414474487 0.7308651208877563
11535 4.702014446258545 1.0157653093338013
15020 0.7665435671806335 1.0346715450286865
16454 0.7473256587982178 0.8890869617462158
12235 4.620772838592529 1.0361028909683228
12214 4.886927127838135 0.9662889242172241
15344 0.2762925326824188 0.9979115724563599
15713 0.09920338541269302 0.7740271091461182
12709 4.976255893707275 0.8357970118522644
15411 0.9136266708374023 2.066329002380371
13788 0.4737227261066437 1.645287275314331
15628 0.5110495686531067 1.3153260946273804
16543 0.5380334854125977 0.5382987856864929
10198 0.015639565885066986 1.3121098279953003
15282 4.744790554046631 0.9104604125022888
11756 0.2213197946548462 0.7047758102416992
12185 0.7308018207550049 1.6841230392456055
10744 0.21979784965515137 0.7871185541152954
11845 4.095216751098633 0.6560876369476318
12307 0.21979784965515137 0.7871185541152954
15708 0.0 0.0
15707 0.0 0.0
12982 2.7859718799591064 1.7957909107208252
14295 0.0 0.0
11646 0.2450365424156189 0.8267308473587036
14467 1.7247883081436157 1.1419059038162231
11538 0.0 1.18478524684906
11952 3.352749824523926 0.7717070579528809
12250 0.8521678447723389 1.4077727794647217
11885 2.4005260467529297 0.582747757434845
15458 0.2082696259021759 0.7462145686149597
13809 1.1945950984954834 1.9889464378356934
14712 3.2444427013397217 1.8145443201065063
11833 5.907008647918701 1.3708194494247437
16739 0.0 0.8126027584075928
12574 0.0 1.35001540184021
14691 0.0 1.2045087814331055
13890 0.0 1.3614320755004883
10385 0.21979784965515137 0.7871185541152954
10065 0.21979784965515137 0.7871185541152954
12653 2.5361578464508057 0.3736344575881958
13046 0.3735584318637848 0.7742165327072144
14698 3.0265188217163086 2.470543384552002
14656 0.0 1.6249831914901733
11641 0.6565221548080444 3.664534568786621
11834 0.616715669631958 2.758965015411377
14493 7.206834316253662 1.7540329694747925
15236 4.705190658569336 1.0714613199234009
11245 0.21979784965515137 0.7871185541152954
10838 0.21979784965515137 0.7871185541152954
12868 4.6570258140563965 0.8695526123046875
14468 0.8381245136260986 0.24356906116008759
14268 2.7452940940856934 0.3912026584148407
15447 2.7863268852233887 1.6687159538269043
11188 0.21979784965515137 0.7871185541152954
12956 0.23532059788703918 0.9105257987976074
15171 3.3124141693115234 0.7623709440231323
12866 0.43664106726646423 0.0
13450 0.7844730615615845 1.0888113975524902
15532 0.27712082862854004 0.8056899309158325
11399 0.0 0.623965322971344
12412 0.21979784965515137 0.7871185541152954
15160 4.509647846221924 1.162460207939148
14303 0.0 1.244052529335022
14628 0.0 0.0
15041 3.221604347229004 1.9695457220077515
11098 0.46982166171073914 1.4512662887573242
10910 0.24165862798690796 0.8763881921768188
11883 0.26760706305503845 0.7590461373329163
11908 0.0 0.863893985748291
11905 0.7946618795394897 1.9447412490844727
11559 2.9494986534118652 0.6559566259384155
12195 7.84540319442749 1.1477819681167603
11869 0.0 0.6288164854049683
13211 0.7952437400817871 1.4536983966827393
15023 3.89448618888855 2.3281564712524414
14794 2.810810089111328 1.7590068578720093
13629 2.5033040046691895 0.5771780014038086
10396 2.6215028762817383 0.6056745648384094
15882 0.5055142045021057 0.9615105986595154
16428 0.0 0.655795693397522
14674 0.6641247272491455 2.6921920776367188
13109 0.0 0.07606406509876251
11288 0.21979784965515137 0.7871185541152954
13398 0.9469608068466187 1.8173609972000122
11675 0.42182445526123047 1.107283115386963
16721 0.5292398929595947 0.5355231165885925
15093 0.0 0.6599150896072388
11827 0.3884964883327484 0.8340413570404053
12598 0.0 1.4364049434661865
15250 3.273038387298584 0.7474513649940491
10172 0.21979784965515137 0.7871185541152954
10589 0.21979784965515137 0.7871185541152954
13034 0.0 0.07017691433429718
15124 3.8434431552886963 1.3302555084228516
16709 0.13712677359580994 0.9016512632369995
14182 0.7799773216247559 1.0258954763412476
12392 0.1247999295592308 0.7842279076576233
11331 0.2198081910610199 1.0015350580215454
12511 0.2208022177219391 1.011399745941162
11587 0.3464926779270172 1.1604979038238525
13125 0.7561832666397095 0.9377826452255249
13008 0.7552741765975952 0.9399375319480896
16654 0.0 0.0
12652 0.28246214985847473 0.7515297532081604
12492 0.21877780556678772 0.4769962430000305
14397 3.713599920272827 4.540700912475586
13714 0.5059539079666138 0.0
13307 0.8375133275985718 1.8473618030548096
11058 0.21979784965515137 0.7871185541152954
15310 0.0 1.7872769832611084
12951 1.754351019859314 3.542354106903076
15511 0.13712677359580994 0.9016512632369995
13348 0.1313057839870453 1.458683729171753
14842 0.7653254270553589 2.3509395122528076
12708 6.461368083953857 1.1665657758712769
11994 0.26740604639053345 0.923468828201294
14231 0.15133321285247803 1.4152604341506958
13418 0.7751750349998474 0.9615243673324585
10476 0.21979784965515137 0.7871185541152954
15504 4.340227127075195 0.7854169607162476
14485 2.969694137573242 0.4020771086215973
12370 3.2057435512542725 1.169359564781189
11007 0.21979784965515137 0.7871185541152954
10241 0.21979784965515137 0.7871185541152954
16665 0.0 1.6598509550094604
15177 0.2915378510951996 1.6132878065109253
12171 3.2226412296295166 0.7246275544166565
14332 0.7451006770133972 0.9132041931152344
16340 0.0 0.7918926477432251
12119 0.37256506085395813 0.7034591436386108
10728 0.21979784965515137 0.7871185541152954
11495 0.26740604639053345 0.923468828201294
14025 1.128004789352417 2.2449824810028076
11699 0.7752791047096252 1.9133350849151611
10562 0.21979784965515137 0.7871185541152954
15842 2.709768533706665 1.6155728101730347
15011 0.2507280111312866 0.8441019654273987
13829 1.3720312118530273 2.050213098526001
13983 0.33330056071281433 1.0948013067245483
12263 0.40212780237197876 1.115190029144287
14871 0.0 1.3110390901565552
13785 0.21994897723197937 0.7298961877822876
11367 0.21979784965515137 0.7871185541152954
15754 0.0 0.5383060574531555
12815 0.0 0.7656059861183167
11092 0.21979784965515137 0.7871185541152954
11392 0.7358063459396362 0.22094862163066864
11714 0.47710540890693665 1.260538935661316
13292 2.263988971710205 0.8105218410491943
13507 0.817795991897583 1.0398470163345337
10687 0.21979784965515137 0.7871185541152954
14736 0.3420445919036865 1.415205955505371
12591 3.9054296016693115 0.8266516327857971
10770 0.7358063459396362 0.22094862163066864
15086 2.99714732170105 0.7030401229858398
13674 0.8473209142684937 1.1987476348876953
14167 2.08109712600708 0.0
10917 2.6194159984588623 0.024750936776399612
13072 0.5590767860412598 1.839821457862854
11938 0.22991973161697388 0.7305865287780762
11512 2.9494986534118652 0.6559566259384155
14938 0.4167100489139557 1.4571322202682495
14412 2.494743585586548 0.6203507781028748
16681 0.7451006770133972 0.9132041931152344
12916 0.7982749938964844 1.1170482635498047
15381 1.1407660245895386 1.3428146839141846
10615 0.2690819203853607 1.0145390033721924
13827 0.0 0.9579617381095886
10613 0.21979784965515137 0.7871185541152954
13259 1.095452070236206 0.7008752822875977
13693 0.22375744581222534 0.7444742918014526
16730 0.240360826253891 0.7650505900382996
10033 0.21979784965515137 0.7871185541152954
14520 2.2290334701538086 1.3917537927627563
12335 0.3354687988758087 0.6059821844100952
13947 1.748544692993164 1.6885652542114258
16553 0.42182445526123047 1.107283115386963
11470 0.21979784965515137 0.7871185541152954
14120 1.9789395332336426 1.4158706665039062
13032 0.9727681875228882 1.047783374786377
13587 1.9294543266296387 1.5868966579437256
16353 0.9252222180366516 1.699021339416504
12841 1.810426950454712 0.0
11413 0.5192887187004089 2.4308671951293945
15853 1.9940470457077026 0.0
11825 0.21979784965515137 0.7871185541152954
15203 0.7451006770133972 0.9132041931152344
12388 0.3908035457134247 1.4275460243225098
14996 0.7547556757926941 0.9409063458442688
14863 3.1512088775634766 0.7302024364471436
13467 0.8330180048942566 0.22900377213954926
15275 0.22607016563415527 0.7510372400283813
15278 2.8948822021484375 0.5290834903717041
11421 0.023335494101047516 0.9837375283241272
13715 2.1051692962646484 0.0
11725 0.2198081910610199 1.0015350580215454
11997 3.2263987064361572 0.7476643323898315
11522 0.22430101037025452 0.7467045187950134
10930 0.18775871396064758 0.7142539620399475
11317 0.21979784965515137 0.7871185541152954
15725 3.229673385620117 1.1771310567855835
12155 0.3023267686367035 1.4437335729599
14582 0.0 0.5614678263664246
12016 2.4005260467529297 0.582747757434845
12211 0.3974509537220001 1.3437414169311523
11619 0.21979784965515137 0.7871185541152954
15008 0.4489418566226959 1.6258187294006348
16727 0.16949650645256042 0.7223920226097107
13987 1.1099159717559814 0.8777033090591431
12855 6.393897533416748 0.27509236335754395
14745 0.0 0.7930723428726196
15525 0.26508501172065735 0.8108657002449036
10204 0.21979784965515137 0.7871185541152954
15930 0.24959850311279297 0.713939368724823
13111 2.263988971710205 0.8105218410491943
14054 0.24805429577827454 0.7487384080886841
12103 0.21979784965515137 0.7871185541152954
13117 0.3974509537220001 1.3437414169311523
10017 0.21979784965515137 0.7871185541152954
14533 0.1673206388950348 0.8816242814064026
12455 0.26740604639053345 0.923468828201294
16363 0.05382392555475235 0.6595009565353394
16743 0.0 0.8126027584075928
12131 0.21861979365348816 0.824813187122345
10670 0.3727852404117584 1.2405015230178833
12255 0.6019508242607117 1.4021000862121582
14572 0.0 0.0
11471 0.24165862798690796 0.8763881921768188
12663 2.3120193481445312 0.3570317327976227
14475 0.2790996730327606 1.2293236255645752
16647 0.2272694706916809 0.7560455203056335
14222 0.0 0.5414561629295349
12944 0.7561832666397095 0.9377826452255249
13543 0.6237550973892212 1.7471749782562256
16731 0.22808250784873962 0.7539961934089661
14704 1.2244714498519897 2.53313946723938
11041 0.42338913679122925 1.3478248119354248
12039 0.3974509537220001 1.3437414169311523
15440 0.0 0.6596037745475769
10157 0.21979784965515137 0.7871185541152954
15650 0.0 1.18478524684906
10011 0.21979784965515137 0.7871185541152954
13182 0.7451006770133972 0.9132041931152344
10460 0.21979784965515137 0.7871185541152954
13546 0.17718511819839478 0.7382906079292297
14236 0.4180055558681488 1.3327665328979492
11479 0.21979784965515137 0.7871185541152954
13200 0.6137029528617859 1.4791772365570068
14062 0.0 0.673324465751648
12018 0.0 1.4144328832626343
12315 3.3194944858551025 0.7670267224311829
15401 0.17363417148590088 1.1237165927886963
12553 0.18930524587631226 0.7163543105125427
12132 0.04597211629152298 0.9614976048469543
14819 0.25894299149513245 0.8191371560096741
10783 0.26850199699401855 0.7525085210800171
16345 0.0 0.7918926477432251
11274 0.24165862798690796 0.8763881921768188
10016 0.21979784965515137 0.7871185541152954
10380 0.21979784965515137 0.7871185541152954
13077 0.2429598867893219 0.7490966320037842
13676 6.495699882507324 1.3595831394195557
13520 0.0 0.07439753413200378
12436 0.23503759503364563 0.7461161613464355
10617 0.21979784965515137 0.7871185541152954
15991 3.186051368713379 0.7862948179244995
10925 0.0 0.7889835238456726
16311 3.228804111480713 0.7298966646194458
16715 0.7451006770133972 0.9132041931152344
11050 0.0 1.18478524684906
11283 0.21979784965515137 0.7871185541152954
12622 0.21979784965515137 0.7871185541152954
15215 0.0 0.5183517932891846
15446 0.44586271047592163 0.0
14254 0.2732822895050049 0.8324278593063354
13949 0.38871151208877563 0.8685214519500732
15838 0.26449695229530334 0.7292695045471191
16736 0.5324696898460388 0.5456790924072266
13484 0.40181830525398254 1.8392984867095947
11650 0.21979784965515137 0.7871185541152954
11463 0.21979784965515137 0.7871185541152954
16725 0.45819759368896484 1.2998745441436768
12332 0.23178762197494507 0.8582646250724792
12494 0.7871183156967163 0.9941977858543396
12576 0.0 1.0844312906265259
12207 0.24017667770385742 0.8462339639663696
15856 0.0 0.0
15497 2.0806479454040527 1.3391904830932617
13984 0.7652325630187988 0.9558994174003601
16634 0.7434743642807007 0.929408848285675
13490 0.12549129128456116 0.9158124923706055
12599 0.7429986000061035 0.8809254169464111
12621 2.9324727058410645 1.0865942239761353
15581 4.6914381980896 1.0047224760055542
14955 3.053816795349121 0.7017244100570679
13194 1.5195635557174683 1.024299144744873
13255 0.08417516201734543 0.6663885116577148
12297 0.3392387926578522 0.786693274974823
10076 0.21979784965515137 0.7871185541152954
14229 0.0 0.5961272716522217
13865 0.2268446385860443 0.8087093234062195
10950 0.29361438751220703 1.013833999633789
15539 0.2599653899669647 0.8507331013679504
10569 0.21979784965515137 0.7871185541152954
11656 0.21979784965515137 0.7871185541152954
12771 0.44586271047592163 0.0
12955 0.09550387412309647 1.1355087757110596
12745 0.0 0.605411946773529
12177 0.21979784965515137 0.7871185541152954
13504 0.21979784965515137 0.7871185541152954
14237 1.5717039108276367 1.028536081314087
13361 0.26740604639053345 0.923468828201294
15273 0.29601722955703735 0.6954901218414307
13555 0.22556570172309875 0.7129169702529907
11487 0.8239351511001587 0.6616519689559937
12869 0.44586271047592163 0.0
10535 0.226913183927536 1.5193899869918823
15232 0.3974509537220001 1.3437414169311523
13219 0.21979784965515137 0.7871185541152954
13501 0.2877933382987976 1.0195434093475342
10005 0.21979784965515137 0.7871185541152954
15454 0.2419946789741516 0.7736772894859314
13862 0.0 0.9752776026725769
12705 0.44586271047592163 0.0
11002 0.22430101037025452 0.7467045187950134
12854 0.45464715361595154 0.0
15090 2.4005260467529297 0.582747757434845
13226 2.4005260467529297 0.582747757434845
15546 0.0 0.7638470530509949
14371 0.7451006770133972 0.9132041931152344
12965 0.6206299662590027 1.2257792949676514
12174 0.2561775743961334 0.7805518507957458
12149 0.24259212613105774 1.087980031967163
13003 0.8295170068740845 0.2465122789144516
11453 0.24469345808029175 0.9158734083175659
10237 0.21979784965515137 0.7871185541152954
10982 0.21979784965515137 0.7871185541152954
14648 0.8066510558128357 1.0826542377471924
13826 0.21979784965515137 0.7871185541152954
13424 0.4215913712978363 1.4157023429870605
13863 0.551348865032196 0.0
14769 0.4131079614162445 0.8490028381347656
13055 0.0 0.0
15550 0.16832873225212097 0.817089855670929
15973 0.21667763590812683 0.7287728786468506
13763 0.21979784965515137 0.7871185541152954
13771 0.4215913712978363 1.4157023429870605
13195 0.0 0.8118641376495361
16588 0.7606944441795349 0.9225130081176758
14618 0.21395325660705566 0.7684822678565979
11200 0.21979784965515137 0.7871185541152954
10361 0.21979784965515137 0.7871185541152954
16651 0.13109466433525085 0.29344606399536133
14435 0.21979784965515137 0.7871185541152954
12649 0.0 0.6946526765823364
11813 1.8643124103546143 0.9238231182098389
11592 0.23853033781051636 1.2318618297576904
11992 0.13951268792152405 0.8587065935134888
13564 0.22707366943359375 0.7447348237037659
11924 0.2964495122432709 0.7896596193313599
11053 0.7358063459396362 0.22094862163066864
12012 0.6468731164932251 1.2748968601226807
10006 0.21979784965515137 0.7871185541152954
15982 0.21996250748634338 0.7415544986724854
14270 0.22575289011001587 0.7171536087989807
12402 0.2561775743961334 0.7805518507957458
10050 0.21979784965515137 0.7871185541152954
13899 0.21935242414474487 0.7308651208877563
15427 0.7888554334640503 0.945864200592041
15793 0.0 0.7918926477432251
15731 2.4414291381835938 0.8814566731452942
15472 3.380582809448242 0.6663557887077332
15607 0.3616553246974945 1.640193223953247
11879 0.0 0.863893985748291
13024 0.22661346197128296 0.7538914680480957
13505 0.7552741765975952 0.9399375319480896
10221 0.21979784965515137 0.7871185541152954
12190 0.3728884756565094 1.4057869911193848
12773 0.21979784965515137 0.7871185541152954
15934 0.27112168073654175 0.7590664625167847
11659 0.3158588111400604 0.8867611885070801
10817 0.0 1.7700104713439941
16728 0.7750845551490784 1.0227982997894287
16682 0.7451006770133972 0.9132041931152344
14046 2.1229779720306396 0.1493212729692459
10039 0.21979784965515137 0.7871185541152954
12252 0.21979784965515137 0.7871185541152954
16729 0.7451006770133972 0.9132041931152344
14543 0.6308125257492065 1.559227466583252
13381 2.263988971710205 0.8105218410491943
14993 0.11115620285272598 0.5705858469009399
16339 2.3108420372009277 0.7981184720993042
13246 0.26016440987586975 0.7687034606933594
15138 0.2080751657485962 0.7914714813232422
15706 0.0 1.18478524684906
10927 0.17577645182609558 0.7680210471153259
10511 0.21979784965515137 0.7871185541152954
13781 0.193752259016037 0.6888298988342285
11198 0.21979784965515137 0.7871185541152954
14283 0.3974509537220001 1.3437414169311523
15406 1.5044126510620117 0.766336977481842
12983 0.21979784965515137 0.7871185541152954
15063 2.4005260467529297 0.582747757434845
11663 0.21979784965515137 0.7871185541152954
13881 0.21979784965515137 0.7871185541152954
14028 0.0 0.7544805407524109
16696 0.288429856300354 0.7328894734382629
11975 0.42182445526123047 1.107283115386963
11430 0.21979784965515137 0.7871185541152954
10400 0.21979784965515137 0.7871185541152954
16668 2.5466537475585938 0.6112154722213745
14965 0.18196052312850952 0.8129943013191223
13463 0.21979784965515137 0.7871185541152954
11388 2.4005260467529297 0.582747757434845
16390 4.371965408325195 0.8852684497833252
12187 0.21979784965515137 0.7871185541152954
11315 0.5760437250137329 1.3934509754180908
10324 0.44586271047592163 0.0
15010 0.03236012905836105 0.7013698220252991
15847 0.26760706305503845 0.7590461373329163
10938 0.21979784965515137 0.7871185541152954
12743 0.44586271047592163 0.0
15881 0.21935242414474487 0.7308651208877563
10918 0.2388560175895691 0.9311609268188477
11732 0.21979784965515137 0.7871185541152954
16742 0.0 0.6524834036827087
10267 0.21979784965515137 0.7871185541152954
15030 0.42182445526123047 1.107283115386963
11036 0.21979784965515137 0.7871185541152954
16724 0.5324696898460388 0.5456790924072266
13791 0.17382121086120605 0.7133215665817261
13599 0.7561043500900269 0.911937952041626
13221 0.2573714256286621 0.7701687812805176
15091 0.4538099765777588 0.0
10085 0.21979784965515137 0.7871185541152954
14812 0.4722832143306732 1.2911789417266846
11673 0.0 1.3160492181777954
16741 0.22257652878761292 0.7289440631866455
15971 0.21996250748634338 0.7415544986724854
12028 0.21979784965515137 0.7871185541152954
14551 2.5053980350494385 0.8709278106689453
13630 0.4258943498134613 0.8031951189041138
16723 2.4005260467529297 0.582747757434845
11545 0.21979784965515137 0.7871185541152954
12078 0.21979784965515137 0.7871185541152954
13736 0.0 0.7674599289894104
16441 0.5486682653427124 0.5322700142860413
15012 2.2616827487945557 0.11724521219730377
14424 0.26508501172065735 0.8108657002449036
14785 0.7581973671913147 0.9778851866722107
13525 0.21979784965515137 0.7871185541152954
10945 0.21979784965515137 0.7871185541152954
12134 0.21979784965515137 0.7871185541152954
11947 0.16924318671226501 0.8887293338775635
10946 0.21979784965515137 0.7871185541152954
16643 0.7451006770133972 0.9132041931152344
10278 0.44586271047592163 0.0
16720 2.263988971710205 0.8105218410491943
15051 0.0 1.2239539623260498
12484 0.21979784965515137 0.7871185541152954
16527 0.2757995128631592 0.6946737766265869
15843 0.5980833768844604 1.5349857807159424
14617 0.0 1.5516492128372192
10040 0.21979784965515137 0.7871185541152954
11627 0.2885489761829376 0.7614889144897461
12232 0.21979784965515137 0.7871185541152954
12571 0.1247999295592308 0.7842279076576233
13689 0.2176176905632019 0.7574954032897949
12583 0.21979784965515137 0.7871185541152954
10052 0.21979784965515137 0.7871185541152954
10857 0.3974509537220001 1.3437414169311523
16746 0.23178362846374512 0.7495855093002319
14044 0.0 0.7638470530509949
11720 0.21979784965515137 0.7871185541152954
14751 0.7451006770133972 0.9132041931152344
15939 0.1484910547733307 0.9189886450767517
16710 0.5324696898460388 0.5456790924072266
11299 0.44586271047592163 0.0
13192 0.21979784965515137 0.7871185541152954
12870 0.44586271047592163 0.0
13536 0.21979784965515137 0.7871185541152954
13574 0.22707366943359375 0.7447348237037659
10543 0.21979784965515137 0.7871185541152954
13115 1.8643124103546143 0.9238231182098389
14750 0.2757995128631592 0.6946737766265869
14601 2.4005260467529297 0.582747757434845
14922 0.26508501172065735 0.8108657002449036
10224 0.21979784965515137 0.7871185541152954
14972 1.0812442302703857 0.6513317823410034
13493 0.41194403171539307 0.8535640239715576
11824 0.24469345808029175 0.9158734083175659
10015 0.21979784965515137 0.7871185541152954
16515 0.0 1.18478524684906
12245 0.0 0.863893985748291
10419 0.3616553246974945 1.640193223953247
11431 0.21979784965515137 0.7871185541152954
14218 3.9054296016693115 0.8266516327857971
15108 0.26813483238220215 0.7643392086029053
11135 0.21979784965515137 0.7871185541152954
12883 0.0 1.3649415969848633
15235 0.2178821563720703 0.7921433448791504
14024 0.144613116979599 0.7465552687644958
14855 0.44586271047592163 0.0
13016 2.263988971710205 0.8105218410491943
10275 0.21979784965515137 0.7871185541152954
11230 0.21979784965515137 0.7871185541152954
13756 0.1673206388950348 0.8816242814064026
10961 0.21979784965515137 0.7871185541152954
15774 0.7317852973937988 0.1849336177110672
13685 0.7451006770133972 0.9132041931152344
12857 0.21979784965515137 0.7871185541152954
14091 0.3974509537220001 1.3437414169311523
13537 0.23054811358451843 0.7516541481018066
11856 0.21979784965515137 0.7871185541152954
14630 0.023335494101047516 0.9837375283241272
11282 0.20910808444023132 0.7466577291488647
11341 0.21979784965515137 0.7871185541152954
15154 0.0 0.8070177435874939
16463 0.15729287266731262 0.7233710289001465
15534 0.24068501591682434 0.7345312833786011
13389 0.21979784965515137 0.7871185541152954
14897 0.018163152039051056 0.9300177097320557
15433 0.41194403171539307 0.8535640239715576
14488 0.2648855447769165 0.74197918176651
14706 0.7451006770133972 0.9132041931152344
11684 0.21979784965515137 0.7871185541152954
16738 0.23209553956985474 0.746753990650177
16737 0.21979784965515137 0.7871185541152954
16584 2.263988971710205 0.8105218410491943
16744 0.26740604639053345 0.923468828201294
13044 0.0 0.8126027584075928
15548 0.7354498505592346 0.8748699426651001
11401 0.21979784965515137 0.7871185541152954
11633 0.21979784965515137 0.7871185541152954
11840 0.0 1.2080538272857666
10967 0.21979784965515137 0.7871185541152954
10064 0.21979784965515137 0.7871185541152954
16336 0.21996250748634338 0.7415544986724854
14695 0.2130175530910492 0.8818984031677246
12774 0.21979784965515137 0.7871185541152954
11391 0.0 1.3160492181777954
14943 0.28879159688949585 0.7687429189682007
14944 0.21979784965515137 0.7871185541152954
16581 2.263988971710205 0.8105218410491943
14992 0.23630383610725403 0.7512297034263611
14945 0.21979784965515137 0.7871185541152954
16698 2.263988971710205 0.8105218410491943
10042 0.21979784965515137 0.7871185541152954
13176 0.21979784965515137 0.7871185541152954
11702 0.21979784965515137 0.7871185541152954
10715 0.21979784965515137 0.7871185541152954
13841 0.21979784965515137 0.7871185541152954
11197 0.21979784965515137 0.7871185541152954
12375 0.21979784965515137 0.7871185541152954
14565 0.19496777653694153 0.7171326279640198
12847 0.21979784965515137 0.7871185541152954
11859 3.9054296016693115 0.8266516327857971
15231 0.0 0.7376763820648193
12785 0.44586271047592163 0.0
15897 0.1484910547733307 0.9189886450767517
12079 0.21979784965515137 0.7871185541152954
12054 0.41554728150367737 0.8600829839706421
15885 0.0 0.7918926477432251
12068 0.21979784965515137 0.7871185541152954
10317 0.21979784965515137 0.7871185541152954
16722 0.2260887324810028 0.7561632394790649
12127 0.21979784965515137 0.7871185541152954
10424 0.21979784965515137 0.7871185541152954
10030 0.21979784965515137 0.7871185541152954
14778 0.21979784965515137 0.7871185541152954
16346 0.0 0.7918926477432251
12947 0.21979784965515137 0.7871185541152954
14542 0.3593747019767761 0.8225581645965576
14470 0.20327696204185486 0.7732374668121338
15599 2.263988971710205 0.8105217814445496
11828 2.263988971710205 0.8105217814445496
