12343 -0.675676703453064 -0.6212087273597717
12129 1.9108072519302368 -7.489372253417969
13277 -5.406559467315674 -1.6059175729751587
11996 -2.8559882640838623 -0.7434788346290588
13796 -2.3592629432678223 -0.7240245938301086
13476 -1.3272409439086914 -0.6171606779098511
15061 2.956744432449341 -10.997726440429688
14559 -5.729689121246338 -1.3799457550048828
14314 -2.011995792388916 -1.0750861167907715
12889 -4.299943923950195 -1.2166690826416016
13029 -2.232877254486084 -1.09764564037323
11726 0.9439234137535095 -4.857475757598877
10868 -0.22927764058113098 -1.0868446826934814
10599 -0.9956911206245422 -0.5845183730125427
14685 -1.79361891746521 -0.6598588228225708
12953 -3.478466510772705 -1.0339515209197998
13772 -0.4608762562274933 -0.5437890887260437
13303 -2.153160333633423 -0.6686659455299377
14711 -3.3751049041748047 -1.0518447160720825
11423 -4.482191562652588 -1.3133469820022583
10155 0.6997755169868469 -2.5253403186798096
14679 -2.458390951156616 -0.7333431243896484
13232 -3.716329574584961 -1.099463939666748
15618 -4.813973426818848 -1.4445875883102417
12892 -3.5246357917785645 -1.027760624885559
13203 1.700906753540039 -8.932511329650879
10397 -0.19231922924518585 -1.1465187072753906
14057 -2.1051125526428223 -0.6784029603004456
11298 -3.278609275817871 -0.8245055079460144
14856 -2.164000988006592 -0.7274203896522522
12704 1.3168057203292847 -7.880349636077881
11259 -4.695894718170166 -1.3825874328613281
11027 0.4755237102508545 -3.403240203857422
14534 1.8665481805801392 -7.226088523864746
11097 1.1293840408325195 -3.843355417251587
11842 1.6084057092666626 -6.015164852142334
10540 2.2720258235931396 -9.440346717834473
12992 -4.409634113311768 -1.074962854385376
12191 -2.941108465194702 -0.7829259634017944
11537 0.9814913868904114 -4.9908552169799805
11193 -1.6327437162399292 -0.7906322479248047
11146 2.3670437335968018 -8.312495231628418
11503 0.19216716289520264 -2.253925085067749
13198 -3.670466661453247 -1.0826472043991089
10800 -3.063889265060425 -1.286411166191101
13495 -2.184598207473755 -0.7080391645431519
13487 -1.9717926979064941 -0.6334343552589417
14050 -1.6427901983261108 -0.9076480269432068
13230 -3.5347900390625 -0.8783749938011169
11057 -2.9746859073638916 -0.9049206972122192
14100 -2.3643271923065186 -0.7217084169387817
11540 -4.279120445251465 -1.2502479553222656
10279 -0.3842555582523346 -0.9351178407669067
13486 -2.1158089637756348 -1.1509101390838623
11292 -3.841615676879883 -0.9111343622207642
12278 -4.574256420135498 -1.1244776248931885
11867 0.6627163290977478 -3.576103687286377
10994 -2.8262476921081543 -1.1343015432357788
10693 -2.3358969688415527 -0.9848475456237793
13342 -3.4433505535125732 -1.0228166580200195
11042 -1.7340904474258423 -0.844963014125824
13264 -8.93670654296875 -2.008720636367798
11563 -2.7247090339660645 -0.9680704474449158
16091 -8.530415534973145 -2.282386302947998
14512 -1.3827016353607178 -0.5056220293045044
14747 -3.1182312965393066 -0.7924016714096069
14027 -1.840121865272522 -0.6774063110351562
12478 -4.648301601409912 -1.1378880739212036
13667 -3.038343667984009 -0.9457380771636963
12197 -2.375337839126587 -0.6351226568222046
11697 -2.5842230319976807 -0.7599093914031982
13461 -1.8638797998428345 -0.8623082637786865
12448 -2.96571946144104 -1.3465913534164429
11973 -2.8240439891815186 -0.9260074496269226
11986 -2.7242796421051025 -0.845061182975769
14814 -1.7597603797912598 -0.6065518856048584
15257 -0.3599424958229065 -1.0998508930206299
10299 -0.15562455356121063 -1.066261649131775
13367 -2.8441965579986572 -0.9214766621589661
12544 -5.395666122436523 -1.5030968189239502
11711 0.6911616325378418 -3.6785786151885986
10272 0.6879329085350037 -2.500718116760254
15374 -1.4826103448867798 -0.9464951157569885
13244 -2.4229235649108887 -0.7661242485046387
14082 -2.513124704360962 -0.8918912410736084
10408 1.0325332880020142 -3.3478426933288574
14869 -3.8977415561676025 -0.9756664037704468
11233 -0.08737917989492416 -3.0654914379119873
14307 -1.8014609813690186 -0.7046324014663696
14259 -4.527256488800049 -1.3744431734085083
13851 -2.294901132583618 -0.7367501854896545
13710 0.8281137943267822 -5.669088363647461
12264 -2.2086374759674072 -0.7301721572875977
12222 -1.4193013906478882 -0.9178091883659363
14107 -2.2910022735595703 -0.7058934569358826
13341 -1.6944427490234375 -0.7981371283531189
15249 -1.6099750995635986 -0.6282808184623718
13196 -1.878690481185913 -1.1762423515319824
11028 0.8116589188575745 -4.020618915557861
15356 -2.4362192153930664 -0.8576882481575012
15841 -1.160955548286438 -0.6571462750434875
14828 -1.3838953971862793 -0.5670158863067627
14898 1.4152942895889282 -6.638987064361572
14805 -1.9237210750579834 -0.6542330384254456
12822 2.812770366668701 -10.64612102508545
15167 -8.627546310424805 -2.2644989490509033
11493 -7.360130310058594 -1.5173606872558594
12397 -0.08341696113348007 -1.0585047006607056
14321 -1.7574759721755981 -0.6663358807563782
15153 -3.1548407077789307 -0.9805741906166077
10792 -3.095231056213379 -1.312504768371582
10577 0.9569448232650757 -3.7166028022766113
15295 -5.882392883300781 -1.7121776342391968
10819 1.7291638851165771 -6.723128795623779
10529 1.1227855682373047 -4.053929805755615
14081 -1.1183613538742065 -0.49395161867141724
10463 -7.354460716247559 -1.5251126289367676
14761 -2.0224392414093018 -0.6418442726135254
14683 -2.653322696685791 -0.7291027903556824
12173 -1.9394659996032715 -0.782303512096405
14843 -1.7121237516403198 -0.654013991355896
12339 -3.9752604961395264 -1.1415756940841675
13830 -1.5381089448928833 -0.7561060190200806
13891 -1.682949423789978 -0.6638157367706299
10559 -7.077078819274902 -1.6897679567337036
14130 -1.3553327322006226 -0.8914885520935059
12831 0.8612636923789978 -5.972145080566406
13541 -3.032315492630005 -0.9901396036148071
11823 -2.210476875305176 -0.8358357548713684
10721 -2.899872064590454 -1.1712031364440918
10713 1.7257952690124512 -6.097684860229492
14633 -2.816194772720337 -0.8887603878974915
10965 0.5093622207641602 -2.7816247940063477
12915 -1.6301963329315186 -0.9805333614349365
10257 0.8365197777748108 -3.366070032119751
13485 -1.8760042190551758 -0.6010637879371643
10590 0.4006834030151367 -3.0598881244659424
15016 -4.569581985473633 -1.0969171524047852
11106 -7.353635787963867 -1.5227500200271606
11013 1.3985766172409058 -4.744699478149414
11789 1.063204050064087 -5.285754680633545
10781 0.937204897403717 -5.166373252868652
10140 -7.347314357757568 -1.5127137899398804
11481 -1.6863861083984375 -0.8209056854248047
13871 -1.9287745952606201 -0.6881240606307983
10136 -7.338363170623779 -1.5171092748641968
13290 -5.227781772613525 -1.5511298179626465
13422 0.5162928104400635 -2.4292500019073486
11066 -1.7039542198181152 -0.8269255757331848
15601 0.7287232279777527 -3.9196627140045166
11638 -0.26046329736709595 -1.0023361444473267
14696 -1.727941632270813 -0.6661513447761536
13052 -7.357558250427246 -1.5197497606277466
11603 -1.443666934967041 -1.0179898738861084
14122 -2.366854429244995 -0.7056997418403625
12323 -2.2218434810638428 -0.8090460896492004
14908 -3.266080141067505 -0.8617066740989685
15741 -1.3175541162490845 -0.8227385878562927
12253 -7.348395347595215 -1.526773452758789
11865 -0.6063151359558105 -0.7479432225227356
13930 -2.066704750061035 -0.7146019339561462
11174 0.9149422645568848 -3.0089504718780518
12884 -1.8996093273162842 -0.9097781181335449
14282 0.9126601815223694 -5.50261926651001
12851 -0.8868498206138611 -0.5120901465415955
14831 -3.9568145275115967 -1.0040698051452637
13158 -3.095252275466919 -0.8981560468673706
14771 -4.180367946624756 -1.0355082750320435
12721 -10.579679489135742 -2.6381051540374756
10170 -0.45161378383636475 -0.9959871172904968
12389 -7.513686656951904 -1.7620741128921509
15502 -5.402351379394531 -1.5719127655029297
15376 -2.274167537689209 -0.6685612201690674
15024 -2.868147134780884 -0.8981620669364929
12451 -4.196460723876953 -1.0447758436203003
12217 -2.473660469055176 -0.9189971685409546
11086 1.641893744468689 -6.428250312805176
15096 -2.5173628330230713 -0.7429737448692322
12348 0.059272535145282745 -1.0606610774993896
14627 -2.312814235687256 -0.9524832367897034
10416 0.8970478177070618 -3.649294137954712
14635 -1.5883238315582275 -0.6604147553443909
12898 -5.689762115478516 -1.3475488424301147
15919 -5.702541828155518 -1.6513187885284424
12755 -8.912053108215332 -2.1155967712402344
11618 -3.523653507232666 -0.8685026168823242
10849 -0.9665995240211487 -0.5712437033653259
11637 -3.0879478454589844 -1.059863567352295
10409 -7.38315486907959 -1.5251610279083252
14119 0.4194594919681549 -3.1513307094573975
12638 0.7602182030677795 -3.716458797454834
14092 0.23667359352111816 -2.40515398979187
15862 -1.6582895517349243 -0.8280462622642517
13770 -0.3714848458766937 -1.1338329315185547
14255 -7.795467853546143 -1.840247392654419
12587 0.6649878621101379 -2.2231972217559814
10785 0.8116804957389832 -5.231853485107422
11109 -1.5787981748580933 -0.887003481388092
11617 1.0544970035552979 -5.135580062866211
11267 -1.6179418563842773 -0.834649384021759
14853 0.26174667477607727 -2.665191888809204
14730 -2.2944650650024414 -0.7634939551353455
14492 -2.1705257892608643 -0.7041338682174683
13795 -1.6173542737960815 -0.926555871963501
14574 -3.2441084384918213 -1.010382056236267
11433 -3.4475483894348145 -0.8111554980278015
11337 0.09423130750656128 -1.9514544010162354
10631 1.0340821743011475 -3.3212263584136963
11445 -0.28777116537094116 -1.671900987625122
10926 0.9225600361824036 -3.7301790714263916
10996 0.8030903935432434 -3.94150447845459
14797 1.4426017999649048 -6.5428853034973145
12175 0.9858505725860596 -3.8602371215820312
10154 -7.361361980438232 -1.5288292169570923
11775 -2.2769358158111572 -0.8680785298347473
13873 -2.6013741493225098 -0.8227161169052124
10139 -7.3550310134887695 -1.5229793787002563
14477 0.34165284037590027 -2.787648916244507
13002 0.8821809887886047 -3.5541269779205322
11721 -2.9184608459472656 -1.0182476043701172
13256 -1.9153128862380981 -0.9455293416976929
11995 -2.391494035720825 -0.735619843006134
10158 -7.381140232086182 -1.5312801599502563
11278 -4.545873641967773 -1.3201236724853516
11577 -0.6039087772369385 -0.7480390071868896
12878 -1.365518569946289 -0.6013241410255432
10298 -7.369107723236084 -1.5245949029922485
14108 -2.9679582118988037 -0.9223719239234924
15370 -2.398902416229248 -0.7272078394889832
13061 -3.7043063640594482 -0.9324623346328735
12917 -2.1246542930603027 -1.0440518856048584
10683 0.9825870394706726 -3.8191452026367188
11884 -2.3861021995544434 -0.751373291015625
14588 -1.561767339706421 -0.5562298893928528
10194 -7.384128570556641 -1.5262352228164673
14524 -1.6317552328109741 -0.678354799747467
11450 1.0957791805267334 -3.834912061691284
15887 -1.9729976654052734 -0.8013326525688171
14689 -3.4906654357910156 -1.091442346572876
13121 0.6525829434394836 -3.603071928024292
13535 1.5155243873596191 -6.461574077606201
11899 0.8246170282363892 -2.58809757232666
10933 1.7756541967391968 -6.9452223777771
12945 -3.731431007385254 -0.9378575086593628
14792 1.3059934377670288 -4.567764759063721
14577 1.3757022619247437 -5.388065814971924
10434 2.2878026962280273 -9.519487380981445
10165 -7.366502285003662 -1.5275148153305054
13931 -1.738935947418213 -0.7052664756774902
12676 0.4070281982421875 -4.723674774169922
12896 -4.15212345123291 -1.0278828144073486
11921 -1.4440678358078003 -0.7869073748588562
10056 -7.354637622833252 -1.5240507125854492
12394 1.5056142807006836 -5.060266971588135
12244 -6.105655193328857 -1.4559571743011475
11764 -3.2635159492492676 -1.1008598804473877
10466 1.0100750923156738 -3.9370689392089844
15043 -1.4529393911361694 -0.9089145660400391
10747 0.8282380104064941 -5.100315570831299
11067 0.758850634098053 -3.5141475200653076
12324 -1.3833155632019043 -0.5246076583862305
11550 0.8414396047592163 -4.048831939697266
12853 -0.2796916663646698 -1.2085047960281372
10304 0.7504100799560547 -3.344590187072754
12007 -0.29357412457466125 -1.1028162240982056
13087 0.15289899706840515 -2.160515785217285
11982 0.034476298838853836 -4.3676581382751465
14112 -1.7752653360366821 -0.6640901565551758
10874 -0.6786513924598694 -0.4042496681213379
15879 -1.039310097694397 -0.8192203044891357
10676 0.669306218624115 -2.3996293544769287
13377 -3.6878957748413086 -1.257288932800293
10268 -7.374832630157471 -1.5263829231262207
14893 -3.8948464393615723 -0.9900817275047302
12003 -0.2508973479270935 -1.2401931285858154
10666 0.9110444188117981 -3.636876106262207
15579 -0.26044580340385437 -1.2559895515441895
11844 -0.3280809223651886 -1.0371949672698975
13360 -3.4650895595550537 -1.0826398134231567
11977 -2.025843620300293 -0.8170481324195862
13964 -3.4874801635742188 -1.1891982555389404
12280 0.9497113823890686 -4.945263862609863
10185 -0.4769841134548187 -0.683262050151825
13105 -1.5733397006988525 -0.6168816089630127
14670 0.5751319527626038 -2.135674476623535
16133 -4.775334358215332 -1.4314537048339844
11111 1.7810108661651611 -6.264073848724365
12719 -0.5883098244667053 -1.4006567001342773
15304 -4.7487030029296875 -1.1400229930877686
10216 -0.48617860674858093 -0.6783538460731506
11252 -0.09895183891057968 -3.3052923679351807
13832 -0.11769190430641174 -0.9044597744941711
10141 -7.328778266906738 -1.5228840112686157
10643 0.9937843680381775 -3.292583703994751
15380 -2.023528814315796 -0.812021791934967
14570 -1.8257392644882202 -0.6686381697654724
10581 -0.4578809142112732 -0.6840804815292358
14576 -1.844984769821167 -0.6852487921714783
10731 -0.8043227791786194 -0.687352180480957
10208 0.6887369155883789 -2.498410940170288
14252 -4.002777576446533 -1.3239470720291138
14288 -1.5603013038635254 -0.587446391582489
14952 -2.066934823989868 -1.0958508253097534
11898 -1.5209170579910278 -1.0263715982437134
14895 -1.1187101602554321 -0.9098784327507019
11630 -2.453296661376953 -0.7931905388832092
11615 0.6877266764640808 -2.497220993041992
10754 1.0470694303512573 -3.800938367843628
10247 -0.46977201104164124 -0.6951199173927307
14262 -1.8276327848434448 -0.9188106060028076
11411 -0.38469624519348145 -0.8255783915519714
11648 0.8944336771965027 -4.736804962158203
11441 -7.383482456207275 -1.531524658203125
10821 -1.5609854459762573 -0.748232364654541
14150 -0.2934247553348541 -0.9466449618339539
10423 0.2686629593372345 -2.4326725006103516
14987 -3.1750147342681885 -0.9868330359458923
15085 -1.2396608591079712 -0.9479367136955261
12807 -2.1797478199005127 -0.913987398147583
15412 -1.7793680429458618 -0.6350170969963074
16680 1.6061325073242188 -5.243380069732666
11484 0.6990413069725037 -2.5054893493652344
14306 0.874643087387085 -3.9875638484954834
11003 0.8570427298545837 -5.268177509307861
14098 -3.0413284301757812 -0.9819136261940002
10431 -0.8454768061637878 -0.7016743421554565
10980 1.0679242610931396 -5.776451110839844
10775 -6.354727268218994 -1.5215998888015747
15074 -4.23364782333374 -1.3942574262619019
10779 -7.327922344207764 -1.5168472528457642
11049 1.9140820503234863 -6.723258018493652
13241 1.0996805429458618 -4.925230503082275
12758 1.060884952545166 -3.8408167362213135
11790 -0.7495529055595398 -0.7949807047843933
13898 -1.338721513748169 -0.6493920087814331
14273 1.4377449750900269 -5.231988906860352
11336 -0.40135127305984497 -1.2961764335632324
13139 -8.715902328491211 -2.0502378940582275
12266 -2.22963285446167 -0.7007910013198853
12441 -2.3223698139190674 -0.810786783695221
14716 -1.5047414302825928 -0.5530378818511963
15054 0.9039297103881836 -3.09305739402771
12228 -0.40683120489120483 -0.7154408693313599
15027 -6.037617206573486 -1.7191487550735474
15798 -0.27363502979278564 -1.3071552515029907
11492 0.6918711066246033 -3.448655366897583
11588 -0.5982978343963623 -0.663446307182312
11140 -1.2616053819656372 -0.5385796427726746
12549 1.4326362609863281 -5.854324817657471
12124 0.8854670524597168 -2.988391399383545
12390 0.7640193700790405 -4.30894660949707
13464 1.4853057861328125 -7.047961235046387
15048 0.2946524918079376 -2.728870153427124
10627 0.8348139524459839 -3.7902238368988037
12523 -0.6177679896354675 -1.4147950410842896
10886 -7.354515075683594 -1.5260790586471558
11165 -7.392149448394775 -1.5305407047271729
14875 0.9111252427101135 -4.589201927185059
14905 -1.606107234954834 -0.9750788807868958
11612 1.0483978986740112 -3.864994764328003
14942 1.2575610876083374 -5.746849536895752
12184 -0.6531171202659607 -1.4737943410873413
10732 1.5061359405517578 -6.14689302444458
10815 -0.47426140308380127 -0.676838219165802
12819 0.3716680407524109 -3.2964515686035156
15626 -3.39591383934021 -0.8505491614341736
11126 -6.899392604827881 -1.4114220142364502
11456 1.2298569679260254 -4.825904369354248
16704 0.7549015283584595 -2.5074715614318848
14553 -1.8495604991912842 -1.0990959405899048
11076 -0.685272216796875 -0.615972101688385
14744 2.2515146732330322 -9.624814987182617
11695 0.5785306096076965 -3.075922966003418
12728 1.6956549882888794 -6.53309440612793
12610 1.3385711908340454 -6.051870822906494
14004 -1.0156798362731934 -0.6117320656776428
14193 -2.630927085876465 -0.7951792478561401
12748 -9.749530792236328 -2.3084118366241455
10245 -0.5886292457580566 -0.7063185572624207
10327 -6.383677005767822 -1.32148277759552
15385 0.99016934633255 -4.404077053070068
13127 1.130755066871643 -4.744735240936279
15339 0.9054815173149109 -3.7051308155059814
11280 0.784648597240448 -2.5488662719726562
12087 2.5779247283935547 -9.1820707321167
14234 -1.357386589050293 -1.069275975227356
15634 0.8102323412895203 -3.2835333347320557
14539 -6.338241100311279 -1.4513483047485352
13296 -2.821133852005005 -0.7534441351890564
12314 -6.3522138595581055 -1.31926429271698
13884 -0.43031588196754456 -0.7931046485900879
10558 -6.3868865966796875 -1.3119148015975952
13577 -2.349393606185913 -0.7206715941429138
13434 -1.352608323097229 -1.0517252683639526
10551 0.9462341070175171 -3.4953315258026123
15325 2.4014322757720947 -10.145880699157715
10225 -6.38934326171875 -1.3135956525802612
13415 1.0604000091552734 -4.1740546226501465
10990 2.298492908477783 -8.0975923538208
13655 1.3703045845031738 -6.517752170562744
10329 0.7495742440223694 -2.733981132507324
11941 1.3523821830749512 -6.145615100860596
12320 0.11138232052326202 -2.022176742553711
13958 -1.400625228881836 -0.551588237285614
10620 -6.999523162841797 -1.668213129043579
14131 -1.144434928894043 -0.5808690190315247
12055 -0.2981019914150238 -1.1208864450454712
14783 -3.0433104038238525 -0.9741871953010559
10372 0.7585148811340332 -2.7457189559936523
12094 -1.1893407106399536 -0.5212703943252563
15448 -0.6239080429077148 -0.6859897375106812
15478 -2.1121914386749268 -0.6074872612953186
11953 -0.373380571603775 -1.0167455673217773
14709 -1.7630740404129028 -0.7781250476837158
11778 1.6069107055664062 -6.298547267913818
13933 0.17143191397190094 -2.1245813369750977
13204 -3.5988779067993164 -1.0767635107040405
12934 -0.675782322883606 -0.6503983736038208
12635 0.8644756078720093 -3.432807445526123
11511 0.6989277005195618 -3.4649930000305176
11203 -0.6713275909423828 -0.5980896353721619
14487 -0.8454241752624512 -0.9160163998603821
15389 -0.3323644697666168 -11.954169273376465
12294 1.0951732397079468 -5.129339218139648
11531 1.0662287473678589 -3.4524784088134766
14877 -0.24532310664653778 -12.100869178771973
15422 0.5739662647247314 -3.0674986839294434
13579 0.47411948442459106 -3.9795384407043457
12779 -5.325603008270264 -1.3473074436187744
10557 -6.373713493347168 -1.3075193166732788
15293 1.1537610292434692 -11.72329330444336
15163 -4.752580642700195 -1.0827984809875488
15855 -3.171215534210205 -0.7725639343261719
12737 1.6632945537567139 -7.8251543045043945
16603 0.6628580093383789 -3.333573341369629
11669 -6.331071853637695 -1.2971678972244263
11415 -0.4285634458065033 -0.845503568649292
10654 0.7543588876724243 -2.7129552364349365
16479 -8.541229248046875 -1.9339762926101685
14256 1.2486926317214966 -7.167358875274658
14113 0.357082724571228 -2.650144338607788
12772 0.9069785475730896 -3.594508409500122
10243 0.7114620804786682 -2.4154326915740967
12954 -2.976202964782715 -0.9506328105926514
11980 1.106196403503418 -4.037839889526367
12156 -6.803909778594971 -1.613179087638855
12769 -1.6554638147354126 -0.5966899394989014
13076 -1.5859850645065308 -0.6068204641342163
14960 -5.651105880737305 -1.6539326906204224
12891 -0.62700355052948 -0.7426080703735352
14013 0.7084815502166748 -4.161789894104004
15825 1.0416234731674194 -4.144444942474365
10778 0.7884222865104675 -2.6246960163116455
12391 -5.292782306671143 -1.4542291164398193
10333 -6.325541019439697 -1.3009172677993774
10135 -6.316511631011963 -1.2987178564071655
14102 -0.3996010720729828 -1.1170111894607544
10640 0.7407467365264893 -2.725517988204956
15070 -1.7442355155944824 -0.7272471189498901
11122 -0.11038707196712494 -2.1735434532165527
10349 -0.36062395572662354 -0.9724631309509277
12141 0.7310173511505127 -2.485041856765747
14400 0.747281551361084 -2.4657907485961914
14919 -10.145600318908691 -2.549567222595215
11241 0.9010165929794312 -3.5767855644226074
13388 1.1223218441009521 -4.4491448402404785
10478 -6.405767917633057 -1.3244436979293823
11510 -6.3136372566223145 -1.3020941019058228
13942 -0.9236897230148315 -0.520816445350647
13731 0.9046851992607117 -4.4920735359191895
10661 -0.4918162226676941 -0.6937541961669922
12671 0.9497817754745483 -4.347874641418457
12321 1.613502025604248 -5.836958408355713
15794 -0.3669452369213104 -1.0392546653747559
13184 0.9648256897926331 -5.123598575592041
16567 1.173166036605835 -5.141862392425537
14738 1.0822241306304932 -11.90796947479248
11123 -4.368947505950928 -1.1409927606582642
13619 0.9665849208831787 -3.8708908557891846
12888 0.7586853504180908 -2.543684720993042
14489 -1.3765941858291626 -0.6950520873069763
11931 -0.5954388380050659 -0.7302649617195129
15569 0.85672527551651 -3.4733026027679443
10184 -6.439935684204102 -1.3145108222961426
10171 -6.387482166290283 -1.3048359155654907
13459 -11.446962356567383 -2.5694687366485596
12206 -1.913406491279602 -0.8023409843444824
12844 1.1937305927276611 -5.221928119659424
10322 -6.3858113288879395 -1.3167707920074463
12147 1.000043272972107 -3.9544577598571777
11870 -6.342292785644531 -1.3062337636947632
15069 0.7594197392463684 -2.5557589530944824
11447 0.7351570725440979 -2.4856722354888916
13682 1.6560114622116089 -8.771267890930176
11555 -2.008082151412964 -0.8483336567878723
11150 0.5601649880409241 -3.6678225994110107
15554 -1.9539676904678345 -0.7899178266525269
11719 0.43056783080101013 -2.887228012084961
16540 0.7559647560119629 -3.0918214321136475
14275 -3.922431468963623 -1.1207258701324463
11376 -0.5000890493392944 -0.6765257716178894
13151 -0.4613063335418701 -0.5725778341293335
13970 -1.9154088497161865 -0.8129976391792297
12559 0.5814924836158752 -3.0901827812194824
11176 -6.372646808624268 -1.3140642642974854
11728 -1.1920170783996582 -0.5116817951202393
15045 -2.2327280044555664 -0.8034179210662842
11344 -6.359342575073242 -1.308948040008545
16101 0.9819550514221191 -3.6978201866149902
12902 1.4911211729049683 -6.893599033355713
10739 -0.6802080869674683 -0.6075101494789124
12782 0.7038832306861877 -2.397623062133789
10053 -6.3271379470825195 -1.3095768690109253
16498 -0.832537829875946 -1.0090984106063843
10469 -6.371778964996338 -1.3095409870147705
12641 0.8991981148719788 -4.216380596160889
15721 -1.4300750494003296 -0.8698437213897705
10999 -6.364468097686768 -1.3137239217758179
15861 -1.4217418432235718 -0.954343318939209
13806 1.3995625972747803 -7.042758464813232
11961 0.9666302800178528 -3.8741750717163086
10647 0.913964033126831 -3.066777467727661
12223 -3.310167074203491 -0.819981575012207
15656 0.6134821176528931 -2.770097494125366
15624 -1.768880009651184 -0.7023547887802124
15245 -3.047884941101074 -0.9809293746948242
14457 -4.6331562995910645 -1.41815984249115
14804 -0.2980060577392578 -0.9913796782493591
13347 0.47784659266471863 -3.0130186080932617
13768 1.147902250289917 -4.1868462562561035
12365 -0.42319193482398987 -0.6098986268043518
10414 0.7561971545219421 -2.721719980239868
15049 -0.37232986092567444 -1.1407244205474854
10685 1.6668287515640259 -6.6992597579956055
11375 -6.47885274887085 -1.3403669595718384
10923 -6.289098739624023 -1.303693413734436
12268 0.5142873525619507 -2.7698044776916504
14672 0.7994930148124695 -3.6902530193328857
13282 0.7320406436920166 -3.2559070587158203
13297 1.3721950054168701 -6.79258394241333
13433 1.0285474061965942 -4.438056468963623
12899 1.09624445438385 -5.646196365356445
11468 -0.6313743591308594 -0.751312792301178
15709 -0.5443870425224304 -0.7422097325325012
12363 1.0640743970870972 -4.2544755935668945
11214 0.5502293109893799 -2.8200583457946777
14557 1.4994397163391113 -4.923820972442627
13700 0.6995275020599365 -2.3933465480804443
14474 0.7963190078735352 -5.47254753112793
12615 -5.875026702880859 -1.4738270044326782
13397 0.7483996152877808 -2.513598680496216
12108 -3.379711389541626 -0.8493264317512512
11525 0.6985160112380981 -2.415264368057251
14530 2.892817735671997 -10.105205535888672
15323 -2.237973690032959 -0.8458354473114014
11506 0.7379985451698303 -2.4959566593170166
13502 0.2802999019622803 -2.59625506401062
11517 -0.5902600884437561 -0.6591404676437378
14320 0.7025338411331177 -3.611478805541992
15700 -9.637198448181152 -2.2748734951019287
13894 -2.2296173572540283 -0.9229923486709595
14718 -2.4867453575134277 -0.9941734075546265
15057 0.8302026987075806 -3.332994222640991
14006 0.7520857453346252 -3.0598480701446533
10347 -6.330289840698242 -1.2958614826202393
12784 0.3989714980125427 -3.624216318130493
12932 -9.692111015319824 -2.278040647506714
14109 -12.288687705993652 -2.758902072906494
14430 -4.808369159698486 -1.121907114982605
14197 -0.8709617853164673 -1.0206931829452515
12720 1.8237946033477783 -8.259737014770508
10325 -6.353610515594482 -1.3028829097747803
11085 0.7776886820793152 -2.7388691902160645
11308 1.3724092245101929 -5.423243522644043
10146 -6.304198741912842 -1.301358938217163
14088 -0.7511084079742432 -0.6521903872489929
12519 -0.30868375301361084 -0.7520641684532166
10405 0.7529275417327881 -2.5309228897094727
13295 -4.637195587158203 -1.2207216024398804
11643 -2.82717227935791 -0.7103186249732971
14447 0.6495368480682373 -2.3452694416046143
10561 -6.32607364654541 -1.3104287385940552
14802 0.18194057047367096 -2.456468105316162
12265 0.18283702433109283 -2.2227184772491455
12882 -0.4033080041408539 -0.6930097937583923
16218 -1.1171870231628418 -0.6063017845153809
10313 -0.6202114224433899 -0.6425007581710815
15582 -0.7062893509864807 -0.7795355916023254
13369 -1.354048252105713 -1.0387388467788696
13540 0.681911051273346 -3.141319751739502
11762 0.9282777309417725 -3.639587163925171
10041 -6.3065032958984375 -1.3075838088989258
12633 -6.338773250579834 -1.2986633777618408
13344 1.0102276802062988 -4.521604537963867
13936 -6.152092933654785 -1.4531588554382324
16429 -9.58670711517334 -2.1513967514038086
15570 -1.8663370609283447 -0.8927566409111023
16520 1.52870774269104 -5.0178914070129395
14646 0.8117037415504456 -3.3186373710632324
15785 -0.35460105538368225 -1.1534512042999268
14125 -1.0676778554916382 -0.5038782954216003
11624 -3.5150229930877686 -0.9165912866592407
13767 3.2406198978424072 -11.537515640258789
13704 0.6908330917358398 -3.3968288898468018
11227 0.9347145557403564 -3.6716537475585938
10348 -6.377376079559326 -1.3212043046951294
10630 -6.3681640625 -1.3113805055618286
15481 0.7859201431274414 -3.6053874492645264
13934 0.7156907916069031 -3.377023696899414
14816 -1.2836893796920776 -1.00672447681427
11871 -6.40064811706543 -1.3160150051116943
14986 -1.7765557765960693 -0.7088643312454224
14880 -0.39385688304901123 -1.0672985315322876
15248 0.7616569995880127 -2.4890151023864746
11535 0.8787069320678711 -4.248027801513672
15020 0.4494369328022003 -2.8712027072906494
16454 0.9741768836975098 -4.151427745819092
12235 0.6449078321456909 -2.8702919483184814
12214 -7.3515238761901855 -1.7499080896377563
15344 -0.39287614822387695 -0.6372120380401611
15713 0.7520996928215027 -2.618999481201172
12709 0.6163272857666016 -3.146960496902466
15411 -6.882352828979492 -1.5664727687835693
13788 -0.4565083086490631 -0.5609671473503113
15628 -3.467345714569092 -0.8271967768669128
16543 -0.5727025866508484 -0.7257944345474243
10198 0.7519202828407288 -2.710256576538086
15282 -1.2331998348236084 -0.8502587676048279
11756 0.8357229232788086 -2.7777645587921143
12185 0.7219105362892151 -3.360866069793701
10744 -6.340559005737305 -1.3063709735870361
11845 2.265808582305908 -8.786060333251953
12307 -6.399926662445068 -1.3173303604125977
15708 0.6109713315963745 -2.7783241271972656
15707 -0.4283231496810913 -0.7388595938682556
12982 0.25531134009361267 -2.5731935501098633
14295 0.7575073838233948 -3.0831077098846436
11646 0.7693107724189758 -2.7293434143066406
14467 0.7087997198104858 -3.972041130065918
11538 0.8497061729431152 -2.9116971492767334
11952 1.0206464529037476 -4.007833003997803
12250 0.9470363259315491 -3.4395337104797363
11885 0.7844327092170715 -2.615091562271118
15458 -0.3870243430137634 -0.6401023268699646
13809 -1.5447168350219727 -0.5891759395599365
14712 -4.416768550872803 -1.416699767112732
11833 3.1533865928649902 -11.235986709594727
16739 0.5888265371322632 -1.9756122827529907
12574 0.9552960395812988 -5.8429694175720215
14691 0.7746759653091431 -3.1307737827301025
13890 1.2275456190109253 -4.693840026855469
10385 -6.368187427520752 -1.3093010187149048
10065 -6.3257269859313965 -1.308834195137024
12653 -0.567791759967804 -0.623468816280365
13046 0.5544634461402893 -2.141073703765869
14698 -4.461233615875244 -1.4693063497543335
14656 -3.035106897354126 -0.7356579899787903
11641 1.0382362604141235 -3.8475170135498047
11834 0.14024850726127625 -4.122641086578369
14493 0.47277846932411194 -4.752485275268555
15236 1.5567747354507446 -7.794939994812012
11245 -6.380020618438721 -1.3150793313980103
10838 -6.407883167266846 -1.3226953744888306
12868 -3.4622979164123535 -0.8601998686790466
14468 0.7586129307746887 -3.0990946292877197
14268 0.4434199333190918 -2.881345748901367
15447 -0.9876579642295837 -0.5313189029693604
11188 -6.401671409606934 -1.32038152217865
12956 0.7664780020713806 -2.5810911655426025
15171 0.8795973658561707 -3.509317398071289
12866 -0.7735748887062073 -0.6811179518699646
13450 0.832770824432373 -3.333444595336914
15532 0.8224046230316162 -3.682222843170166
11399 -0.3491519093513489 -0.976223886013031
12412 -6.285320281982422 -1.2865604162216187
15160 -7.612987041473389 -1.9045603275299072
14303 -5.040321350097656 -1.1310912370681763
14628 0.766803503036499 -3.5646913051605225
15041 1.0172475576400757 -3.951124906539917
11098 -0.5190940499305725 -0.6489460468292236
10910 1.075420618057251 -3.526130199432373
11883 0.883604109287262 -3.0332677364349365
11908 1.1445097923278809 -3.962003231048584
11905 0.7907903790473938 -4.282369613647461
11559 -0.5826975703239441 -0.6721358299255371
12195 1.3104201555252075 -7.978086948394775
11869 0.37607163190841675 -2.7370805740356445
13211 -3.4288012981414795 -0.8367548584938049
15023 -1.1069012880325317 -0.5732172131538391
14794 0.27057841420173645 -2.7040586471557617
13629 -0.6538598537445068 -0.6357461810112
10396 0.9793140292167664 -3.796931266784668
15882 0.7883890271186829 -3.17073655128479
16428 -3.7810847759246826 -0.9414726495742798
14674 3.071658134460449 -10.769423484802246
13109 -3.5234549045562744 -0.863713800907135
11288 -6.420812606811523 -1.3147127628326416
13398 -1.3555166721343994 -0.9165166616439819
11675 0.7503035068511963 -2.709498643875122
16721 0.8834722638130188 -3.7816202640533447
15093 -0.46276503801345825 -0.6960773468017578
11827 -0.4575117528438568 -0.7020114660263062
12598 -0.42789503931999207 -0.7940594553947449
15250 1.081676721572876 -5.092385768890381
10172 -6.298522472381592 -1.2845007181167603
10589 -6.299447059631348 -1.2978039979934692
13034 0.5615833401679993 -3.0324440002441406
15124 0.4980112910270691 -3.87888240814209
16709 -0.3958139717578888 -0.6275442838668823
14182 -1.3893836736679077 -0.5615063905715942
12392 0.7441884279251099 -2.4596381187438965
11331 0.9094747304916382 -3.0403053760528564
12511 -0.47770342230796814 -0.6853758096694946
11587 0.9864146709442139 -3.9328858852386475
13125 -0.425761342048645 -0.7498692274093628
13008 -0.41928184032440186 -0.7796469926834106
16654 -0.48235955834388733 -0.7128991484642029
12652 -0.422580748796463 -0.8336508274078369
12492 -0.35071462392807007 -0.6778973937034607
14397 -3.8560233116149902 -1.115674376487732
13714 0.7263159155845642 -3.7672882080078125
13307 0.9045091271400452 -3.60925555229187
11058 -6.339288711547852 -1.3068112134933472
15310 -0.8387266397476196 -0.7198056578636169
12951 -3.200105667114258 -1.4428999423980713
15511 -0.37927231192588806 -0.6565330028533936
13348 0.9486321210861206 -3.8053698539733887
14842 -0.38018083572387695 -0.9527119398117065
12708 0.007467601448297501 -2.635390520095825
11994 0.8080874085426331 -2.694033145904541
14231 -3.4985368251800537 -0.8790533542633057
13418 0.19475722312927246 -2.1695713996887207
10476 -6.3796892166137695 -1.3086872100830078
15504 0.5160394310951233 -2.807678461074829
14485 1.0185120105743408 -6.796058654785156
12370 0.5751946568489075 -2.755056142807007
11007 -6.367862701416016 -1.3101511001586914
10241 -6.331717491149902 -1.301343321800232
16665 -0.5286804437637329 -0.6834361553192139
15177 1.2426528930664062 -5.317899227142334
12171 1.0650655031204224 -4.612167835235596
14332 1.5756583213806152 -5.147005081176758
16340 0.7729997634887695 -2.543947458267212
12119 -0.31069493293762207 -0.7723066210746765
10728 -6.361497402191162 -1.302193284034729
11495 0.8220125436782837 -2.7504348754882812
14025 0.30540165305137634 -2.5274696350097656
11699 1.3028110265731812 -5.284910678863525
10562 -6.344275951385498 -1.3100062608718872
15842 -1.413246512413025 -0.7106356024742126
15011 0.7284690141677856 -2.3916492462158203
13829 1.196877121925354 -4.331310749053955
13983 0.7756216526031494 -3.1316633224487305
12263 0.9039843082427979 -3.040701150894165
14871 -3.2174367904663086 -0.7777664661407471
13785 0.74256432056427 -2.7008962631225586
11367 -6.353574752807617 -1.3225784301757812
15754 0.978864312171936 -3.821702241897583
12815 0.7716631889343262 -2.740889072418213
11092 -6.3200764656066895 -1.2992620468139648
11392 0.7408158779144287 -2.5061850547790527
11714 1.06735098361969 -3.491063117980957
13292 0.7762393355369568 -2.5052952766418457
13507 0.9424483180046082 -4.574917793273926
10687 -6.408282279968262 -1.325585126876831
14736 0.812955915927887 -3.5727570056915283
12591 -0.4310564398765564 -0.688200831413269
10770 0.7323244214057922 -2.528679132461548
15086 1.6017035245895386 -6.188318252563477
13674 0.9578890800476074 -4.138723373413086
14167 0.7378696799278259 -3.619957685470581
10917 0.7361154556274414 -3.535073757171631
13072 0.9219685792922974 -4.691605567932129
11938 -0.2865753173828125 -0.7272967100143433
11512 -0.5471872091293335 -0.6257367730140686
14938 -0.4670552909374237 -0.6823515295982361
14412 -0.5395550727844238 -0.6579803228378296
16681 1.546755075454712 -5.081509113311768
12916 0.874659538269043 -3.4820947647094727
15381 -1.0569276809692383 -0.6472229361534119
10615 0.7437359094619751 -2.7113852500915527
13827 0.7963459491729736 -2.633397340774536
10613 -6.348119735717773 -1.299617052078247
13259 0.5662345290184021 -2.1495425701141357
13693 0.7519077658653259 -2.6499440670013428
16730 0.7431827187538147 -2.489323377609253
10033 -6.3514180183410645 -1.3159149885177612
14520 -5.076999187469482 -1.1552773714065552
12335 -0.5374969840049744 -0.6964947581291199
13947 0.8482638597488403 -4.661610126495361
16553 0.7599388957023621 -2.7143478393554688
11470 -6.381187438964844 -1.3058298826217651
14120 0.5042410492897034 -3.075354814529419
13032 0.7641351222991943 -3.1088695526123047
13587 0.25985053181648254 -2.435509204864502
16353 0.3958163857460022 -2.881309986114502
12841 -6.634670734405518 -1.5832237005233765
11413 0.7350733280181885 -3.92706298828125
15853 1.0531812906265259 -6.329622745513916
11825 -6.303423881530762 -1.2890558242797852
15203 1.525345802307129 -4.969879150390625
12388 1.0150476694107056 -3.5020227432250977
14996 0.952601969242096 -4.057201385498047
14863 -0.769428014755249 -0.6731494665145874
13467 0.9900550842285156 -4.550512790679932
15275 1.7500656843185425 -6.293544292449951
15278 -0.4633861184120178 -0.6870135068893433
11421 0.7557221055030823 -2.5275111198425293
13715 -0.43595215678215027 -1.2672702074050903
11725 0.8979269862174988 -3.016914129257202
11997 -0.6797608137130737 -0.6513664722442627
11522 0.7807042002677917 -2.6417949199676514
10930 0.7440863251686096 -2.70888090133667
11317 -6.31455659866333 -1.2962732315063477
15725 1.5640839338302612 -6.127697467803955
12155 0.6188168525695801 -3.321638584136963
14582 1.1213278770446777 -3.779054641723633
12016 0.772628128528595 -2.5371205806732178
12211 1.149476408958435 -3.9598047733306885
11619 -6.3731560707092285 -1.3103045225143433
15008 0.5778447985649109 -3.1047966480255127
16727 0.753440260887146 -2.4817392826080322
13987 -0.06965550035238266 -2.271087884902954
12855 -1.8853774070739746 -1.1848077774047852
14745 1.2111855745315552 -5.470137119293213
15525 0.6104460954666138 -2.2013068199157715
10204 -6.326144695281982 -1.3141034841537476
15930 -0.4182528853416443 -0.613132119178772
13111 0.7537297010421753 -2.4684977531433105
14054 1.1427398920059204 -4.603317737579346
12103 -6.320211887359619 -1.2964954376220703
13117 1.1465904712677002 -3.927288055419922
10017 -6.382972240447998 -1.308882474899292
14533 0.8053250908851624 -2.638969898223877
12455 0.8309032320976257 -2.740905523300171
16363 -0.4606195390224457 -0.6196192502975464
16743 0.6011144518852234 -2.0020642280578613
12131 1.3049077987670898 -5.058438301086426
10670 1.7381118535995483 -6.4244065284729
12255 -0.6289379596710205 -0.7478674650192261
14572 0.7310616374015808 -2.9445600509643555
11471 1.075549840927124 -3.493798017501831
12663 0.93503737449646 -3.751727819442749
14475 -0.45582056045532227 -0.6911344528198242
16647 0.7187730669975281 -2.404101610183716
14222 1.6822254657745361 -6.763247966766357
12944 -0.4260624945163727 -0.7672964334487915
13543 -7.825541019439697 -1.846531629562378
16731 0.9757285714149475 -3.427016496658325
14704 -1.2414242029190063 -0.7049895524978638
11041 0.7590107321739197 -3.407066583633423
12039 1.1395056247711182 -3.9259181022644043
15440 -0.6832975745201111 -0.6969828009605408
10157 -6.380141735076904 -1.3139739036560059
15650 0.8488687872886658 -2.8681182861328125
10011 -6.3114142417907715 -1.2953449487686157
13182 1.5520989894866943 -5.077791690826416
10460 -6.340068340301514 -1.3160203695297241
13546 0.8604393005371094 -3.502418041229248
14236 1.5213285684585571 -5.8553786277771
11479 -6.30595588684082 -1.3024754524230957
13200 1.1926748752593994 -4.6824951171875
14062 -0.6882376074790955 -0.65884929895401
12018 0.7832847237586975 -3.12284517288208
12315 0.8879789113998413 -3.5145909786224365
15401 0.667476236820221 -2.911625862121582
12553 0.7499949932098389 -2.7245709896087646
12132 1.0340417623519897 -3.5153937339782715
14819 0.8813616633415222 -3.4954464435577393
10783 -0.3733108341693878 -0.9603424072265625
16345 0.7747554183006287 -2.5702672004699707
11274 1.0692106485366821 -3.4841253757476807
10016 -6.425062656402588 -1.3219207525253296
10380 -6.357186317443848 -1.305694341659546
13077 1.0945645570755005 -3.637423276901245
13676 -5.201018333435059 -1.3122957944869995
13520 -0.4925024211406708 -0.8629699349403381
12436 0.7555097341537476 -2.730717182159424
10617 -6.318726539611816 -1.300406813621521
15991 -4.105007171630859 -0.9531987309455872
10925 0.7538071274757385 -2.724210500717163
16311 1.8396241664886475 -7.041615009307861
16715 1.5315537452697754 -5.073441505432129
11050 0.840166449546814 -2.913861036300659
11283 -6.444508075714111 -1.333370566368103
12622 -6.377862453460693 -1.3160536289215088
15215 0.7330626845359802 -3.0006887912750244
15446 0.7228590250015259 -2.4484639167785645
14254 1.2249798774719238 -4.856834888458252
13949 -0.5007672905921936 -0.6811352968215942
15838 0.7480173707008362 -2.4638376235961914
16736 0.6764445900917053 -2.3289432525634766
13484 -0.5413036942481995 -0.6660310626029968
11650 -6.31976842880249 -1.2949786186218262
11463 -6.321930408477783 -1.3101407289505005
16725 -0.4748275876045227 -0.594452440738678
12332 0.9269036054611206 -3.160388708114624
12494 1.557506799697876 -6.627325534820557
12576 0.7532505989074707 -2.5348546504974365
12207 1.6963231563568115 -5.742095470428467
15856 0.9391389489173889 -3.637418031692505
15497 -0.5983110666275024 -0.89595627784729
13984 0.9074622988700867 -3.648555040359497
16634 -0.4687401354312897 -0.6585158705711365
13490 0.7203155159950256 -2.5480220317840576
12599 -0.3646242320537567 -0.7381451725959778
12621 0.7130768299102783 -3.2272350788116455
15581 1.4708175659179688 -7.996301174163818
14955 0.6726047396659851 -3.1026017665863037
13194 -0.35734209418296814 -0.6875567436218262
13255 0.7515988349914551 -3.019960641860962
12297 -0.6788983941078186 -0.5938555598258972
10076 -6.3012237548828125 -1.3007649183273315
14229 0.7800666689872742 -3.1727633476257324
13865 0.6890519857406616 -2.349809408187866
10950 0.7484368681907654 -2.6049184799194336
15539 0.7578909993171692 -2.489886522293091
10569 -6.348642826080322 -1.2981127500534058
11656 -6.353462219238281 -1.3027138710021973
12771 0.7242997884750366 -2.457671880722046
12955 0.7709774374961853 -2.735062837600708
12745 0.8736910820007324 -3.8900299072265625
12177 -6.394087314605713 -1.3149585723876953
13504 -6.291876792907715 -1.2977021932601929
14237 1.5471564531326294 -5.9751057624816895
13361 0.8520278334617615 -2.7908935546875
15273 0.7684614658355713 -3.0927865505218506
13555 0.7162505388259888 -2.3964524269104004
11487 0.8425408601760864 -2.8022825717926025
12869 0.7018239498138428 -2.4145398139953613
10535 1.2257230281829834 -4.743834018707275
15232 1.132365107536316 -3.917036533355713
13219 -6.3867950439453125 -1.3042759895324707
13501 -0.06640928983688354 -1.0172725915908813
10005 -6.398770809173584 -1.322396993637085
15454 -0.4457668364048004 -0.6185044646263123
13862 -0.4740261435508728 -0.685613214969635
12705 0.7140660285949707 -2.421365976333618
11002 0.7432213425636292 -2.628211498260498
12854 -0.6495636701583862 -0.7243341207504272
15090 0.772961437702179 -2.544773817062378
13226 0.7418899536132812 -2.5145223140716553
15546 1.663382887840271 -5.557013988494873
14371 1.5095224380493164 -4.964105129241943
12965 -0.5506977438926697 -0.7128147482872009
12174 0.7294894456863403 -2.424112319946289
12149 0.6444502472877502 -2.1385703086853027
13003 -0.5585222840309143 -0.6742268800735474
11453 0.8331692218780518 -2.782134771347046
10237 -6.3291778564453125 -1.3066598176956177
10982 -6.323596477508545 -1.2935203313827515
14648 0.5861484408378601 -3.3678674697875977
13826 -6.3766188621521 -1.3114756345748901
13424 -0.4361492991447449 -0.6646472811698914
13863 0.3162990212440491 -2.8410351276397705
14769 -0.48250770568847656 -0.6704968214035034
13055 0.7530447244644165 -3.0427095890045166
15550 0.6584686636924744 -2.339550495147705
15973 -0.3934323787689209 -0.633796215057373
13763 -6.401156902313232 -1.3234447240829468
13771 -0.52350252866745 -0.6311520338058472
13195 -0.3094012439250946 -0.7120835185050964
16588 1.456710934638977 -6.211480140686035
14618 -0.41011136770248413 -0.617442786693573
11200 -6.366267681121826 -1.322365403175354
10361 -6.3202595710754395 -1.3012114763259888
16651 0.7266659736633301 -2.5383429527282715
14435 -6.392798900604248 -1.3218553066253662
12649 0.7657294869422913 -2.5768063068389893
11813 0.7717908024787903 -2.6106395721435547
11592 0.8861501216888428 -2.957854986190796
11992 0.8164092898368835 -2.690593719482422
13564 0.7474353909492493 -2.5897531509399414
11924 0.7812871336936951 -2.697528839111328
11053 0.7498825192451477 -2.5610008239746094
12012 -0.6333572864532471 -0.7545115351676941
10006 -6.408264636993408 -1.3333481550216675
15982 0.6533973813056946 -2.232574939727783
14270 0.7301453351974487 -2.5976157188415527
12402 0.7515230774879456 -2.442484140396118
10050 -6.333649635314941 -1.304051160812378
13899 0.7588511109352112 -2.556661605834961
15427 1.525209903717041 -6.453102111816406
15793 0.7878748774528503 -2.570404291152954
15731 -0.3659958839416504 -0.7260832190513611
15472 -4.642669677734375 -1.1486155986785889
15607 1.1475578546524048 -3.684368848800659
11879 1.1755714416503906 -4.012626647949219
13024 0.7539782524108887 -2.70158052444458
13505 -0.417163223028183 -0.7784208059310913
10221 -6.346056938171387 -1.3093777894973755
12190 0.8675435781478882 -4.007688522338867
12773 -6.372560977935791 -1.3156017065048218
15934 -0.7223817706108093 -0.703866720199585
11659 0.7218191623687744 -2.458980083465576
10817 -0.8485596776008606 -0.7209450006484985
16728 -0.4265778660774231 -0.748684287071228
16682 1.5127867460250854 -4.951292514801025
14046 -8.605966567993164 -2.0412535667419434
10039 -6.402899265289307 -1.3102532625198364
12252 -6.302374839782715 -1.3028215169906616
16729 1.5312862396240234 -5.010283946990967
14543 0.7874366641044617 -3.5587878227233887
13381 0.7463569045066833 -2.461879014968872
14993 0.7166558504104614 -2.401054859161377
16339 -0.4520980417728424 -0.6658507585525513
13246 0.7465713620185852 -2.6948819160461426
15138 0.6438470482826233 -2.1786961555480957
15706 0.842903733253479 -2.845947504043579
10927 -0.8389973044395447 -0.7965604066848755
10511 -6.367582321166992 -1.317206859588623
13781 -0.7369455695152283 -0.6639580130577087
11198 -6.385852336883545 -1.3138178586959839
14283 1.1478878259658813 -3.9360313415527344
15406 -0.5427666902542114 -0.6443144679069519
12983 -6.396105766296387 -1.3194209337234497
15063 0.7872580289840698 -2.5994207859039307
11663 -6.333109378814697 -1.302634358406067
13881 -6.3090291023254395 -1.2939115762710571
14028 0.7084515690803528 -2.3715546131134033
16696 0.7272831201553345 -2.4639551639556885
11975 0.74181067943573 -2.7084295749664307
11430 -6.3483123779296875 -1.3118573427200317
10400 -6.328116416931152 -1.3093194961547852
16668 -0.43238526582717896 -0.700431764125824
14965 -0.6402345895767212 -0.7306479811668396
13463 -6.3418169021606445 -1.3217003345489502
11388 0.7473330497741699 -2.4662129878997803
16390 0.5954077839851379 -3.128229856491089
12187 -6.372426986694336 -1.3108536005020142
11315 -0.35703012347221375 -0.7528359293937683
10324 0.7058935761451721 -2.3902742862701416
15010 -0.48999008536338806 -0.6249907612800598
15847 0.9104025363922119 -3.0457875728607178
10938 -6.321175575256348 -1.2994179725646973
12743 0.6900914311408997 -2.3707492351531982
15881 0.749491274356842 -2.500554084777832
10918 0.8480331301689148 -2.77801513671875
11732 -6.303577423095703 -1.2987403869628906
16742 -1.1637564897537231 -0.8560174107551575
10267 -6.328253269195557 -1.306879997253418
15030 0.7481592893600464 -2.697347640991211
11036 -6.35352897644043 -1.3081742525100708
16724 0.676755428314209 -2.295513868331909
13791 0.6942901611328125 -2.304924726486206
13599 -0.43172696232795715 -0.7558014988899231
13221 0.7454784512519836 -2.4406790733337402
15091 -0.6215217113494873 -0.730379045009613
10085 -6.3602375984191895 -1.303741216659546
14812 1.6573975086212158 -6.371188163757324
11673 0.765217125415802 -2.6405413150787354
16741 0.7468475699424744 -2.4083588123321533
15971 0.6533176302909851 -2.2786989212036133
12028 -6.368788719177246 -1.3000179529190063
14551 -0.38985806703567505 -0.6679003834724426
13630 0.8294001221656799 -2.6424996852874756
16723 0.7743122577667236 -2.6045730113983154
11545 -6.382624626159668 -1.323202133178711
12078 -6.330111026763916 -1.3158936500549316
13736 -0.4548438787460327 -0.5207099914550781
16441 -0.37876054644584656 -0.666509747505188
15012 1.2303625345230103 -5.958792686462402
14424 0.6130600571632385 -2.1858553886413574
14785 1.3115439414978027 -5.134125232696533
13525 -6.436618328094482 -1.3255805969238281
10945 -6.351229667663574 -1.3126832246780396
12134 -6.35770845413208 -1.319097876548767
11947 0.8000346422195435 -2.7283101081848145
10946 -6.303807258605957 -1.3002893924713135
16643 1.5486825704574585 -5.069320201873779
10278 0.6872133612632751 -2.4020402431488037
16720 0.7648143172264099 -2.585299015045166
15051 -0.39806509017944336 -0.6452918648719788
12484 -6.386590957641602 -1.328958511352539
16527 0.580706775188446 -2.2309534549713135
15843 2.3666131496429443 -8.989982604980469
14617 1.1429356336593628 -3.719615936279297
10040 -6.406429767608643 -1.3159306049346924
11627 0.7633360624313354 -2.626840353012085
12232 -6.3494062423706055 -1.301923155784607
12571 0.7602953910827637 -2.4227867126464844
13689 -0.3560372591018677 -0.6641579866409302
12583 -6.395665645599365 -1.318095326423645
10052 -6.2497239112854 -1.2882624864578247
10857 1.1349955797195435 -3.918170213699341
16746 0.7494004964828491 -2.5586650371551514
14044 1.667414665222168 -5.5727105140686035
11720 -6.3453779220581055 -1.311895728111267
14751 1.5144152641296387 -4.954468727111816
15939 0.6681526303291321 -2.258113145828247
16710 0.6487581133842468 -2.2191076278686523
11299 0.7185017466545105 -2.4207358360290527
13192 -6.320454120635986 -1.3007034063339233
12870 0.7213497757911682 -2.406663656234741
13536 -6.369398593902588 -1.310689091682434
13574 0.759552001953125 -2.637645721435547
10543 -6.330894470214844 -1.3176848888397217
13115 0.75853031873703 -2.585076093673706
14750 0.585049033164978 -2.2057642936706543
14601 0.7462793588638306 -2.518876552581787
14922 0.5825954079627991 -2.22143292427063
10224 -6.372097015380859 -1.3173887729644775
14972 0.6512793898582458 -2.2793681621551514
13493 0.8546014428138733 -2.649202585220337
11824 0.8197063207626343 -2.7710483074188232
10015 -6.341598033905029 -1.2986122369766235
16515 0.8354910612106323 -2.9034175872802734
12245 1.1542422771453857 -3.969130039215088
10419 1.1528569459915161 -3.708096504211426
11431 -6.416383266448975 -1.310211420059204
14218 -0.44281187653541565 -0.6679573059082031
15108 -0.4509318172931671 -0.664188027381897
11135 -6.33768892288208 -1.3031855821609497
12883 0.7570374608039856 -2.7229392528533936
15235 0.694702684879303 -2.3422632217407227
14024 -0.45259562134742737 -0.5535679459571838
14855 0.7147701382637024 -2.4154200553894043
13016 0.7646410465240479 -2.507082223892212
10275 -6.382905006408691 -1.3085399866104126
11230 -6.364764213562012 -1.3095980882644653
13756 0.8147460222244263 -2.6730871200561523
10961 -6.3606953620910645 -1.3076503276824951
15774 0.6829233765602112 -2.313094139099121
13685 1.5350407361984253 -5.038248538970947
12857 -6.307405948638916 -1.303472876548767
14091 1.12241530418396 -3.8872718811035156
13537 1.2649997472763062 -4.239895343780518
11856 -6.411490440368652 -1.3220762014389038
14630 0.7553390264511108 -2.6179263591766357
11282 1.0380727052688599 -3.510566473007202
11341 -6.352779388427734 -1.3130550384521484
15154 0.7731372117996216 -3.133307456970215
16463 0.7206342220306396 -2.359184980392456
15534 -0.423255056142807 -0.6366574764251709
13389 -6.3207173347473145 -1.2994705438613892
14897 0.7838310599327087 -2.6335082054138184
15433 0.853444516658783 -2.63908314704895
14488 -0.4669817388057709 -0.6122468113899231
14706 1.5250962972640991 -5.004058361053467
11684 -6.33768892288208 -1.2949042320251465
16738 0.7535114884376526 -2.702012300491333
16737 -6.309200763702393 -1.308153748512268
16584 0.7714700698852539 -2.596160411834717
16744 0.8179324865341187 -2.7690889835357666
13044 0.599173367023468 -2.0052101612091064
15548 -0.35014644265174866 -0.75556480884552
11401 -6.361260414123535 -1.3144782781600952
11633 -6.373204708099365 -1.3209038972854614
11840 -0.34590956568717957 -0.7307641506195068
10967 -6.3085856437683105 -1.2963374853134155
10064 -6.34631872177124 -1.3066474199295044
16336 0.6578898429870605 -2.23020601272583
14695 -0.4948544502258301 -0.6316502690315247
12774 -6.32645320892334 -1.308946132659912
11391 0.7702276706695557 -2.6466968059539795
14943 0.6181840300559998 -2.2460644245147705
14944 -6.33318567276001 -1.2998018264770508
16581 0.7366291880607605 -2.492168426513672
14992 0.7374054193496704 -2.717081308364868
14945 -6.402190685272217 -1.3217129707336426
16698 0.7503788471221924 -2.5107064247131348
10042 -6.3321332931518555 -1.3078584671020508
13176 -6.364932537078857 -1.3073363304138184
11702 -6.3836669921875 -1.3221412897109985
10715 -6.3803935050964355 -1.314376711845398
13841 -6.369229793548584 -1.3167023658752441
11197 -6.2917046546936035 -1.2948909997940063
12375 -6.321297645568848 -1.3105453252792358
14565 0.7469660043716431 -2.5094892978668213
12847 -6.405046463012695 -1.3254337310791016
11859 -0.4226451516151428 -0.6932752132415771
15231 -0.6935684084892273 -0.6352010369300842
12785 0.7032024264335632 -2.3777523040771484
15897 0.6725903153419495 -2.2605369091033936
12079 -6.337085247039795 -1.3063586950302124
12054 0.8156476020812988 -2.6815648078918457
15885 0.7649942636489868 -2.5104942321777344
12068 -6.394253253936768 -1.3270641565322876
10317 -6.32747745513916 -1.3041491508483887
16722 -0.5073282718658447 -0.6670842170715332
12127 -6.370026111602783 -1.3051514625549316
10424 -6.418692588806152 -1.3250014781951904
10030 -6.312303066253662 -1.3002662658691406
14778 -6.293513298034668 -1.3017748594284058
16346 0.7715438604354858 -2.5783395767211914
12947 -6.3696489334106445 -1.3155919313430786
14542 0.6254772543907166 -2.2636256217956543
14470 0.8300590515136719 -2.805868625640869
15599 0.7415801882743835 -2.4497950077056885
11828 0.7299678325653076 -2.431281566619873
