0 1.185333013534546 -0.18198969960212708
1 1.220934271812439 -0.25637876987457275
2 1.1897015571594238 -0.23887397348880768
3 1.140607476234436 -0.14447011053562164
4 1.10758376121521 -0.09965261816978455
5 1.1833255290985107 -0.18072016537189484
6 1.1787413358688354 -0.07606351375579834
7 1.1734265089035034 -0.20346608757972717
8 1.1338764429092407 -0.25073832273483276
9 1.0898652076721191 -0.12225422263145447
10 1.0610699653625488 -0.2170640528202057
11 1.0078482627868652 -0.17641955614089966
12 0.9586180448532104 -0.16924099624156952
13 0.940641462802887 -0.18042464554309845
14 0.9273636341094971 -0.07934229075908661
15 0.8967269659042358 -0.061809659004211426
16 1.249489188194275 -1.500683069229126
17 1.2487952709197998 -1.6049877405166626
18 1.3265104293823242 -1.7152305841445923
19 1.344962239265442 -1.8247146606445312
20 1.3012789487838745 -1.770883560180664
21 1.389567494392395 -2.1331424713134766
22 1.3275820016860962 -2.0012876987457275
23 1.3451069593429565 -2.084451198577881
24 1.3663275241851807 -2.1692473888397217
25 1.462388038635254 -2.178710699081421
26 1.3796050548553467 -2.1476502418518066
27 1.4099935293197632 -2.157640218734741
28 1.4456932544708252 -2.229447364807129
29 1.562105417251587 -2.362572431564331
116 1.5543863773345947 1.1416805982589722
117 1.620025873184204 1.2790021896362305
118 1.7682688236236572 1.4931575059890747
119 1.6573090553283691 1.4287409782409668
30 1.737509846687317 1.5131869316101074
31 1.7481160163879395 1.56305992603302
32 1.9266443252563477 1.753880262374878
33 1.8236265182495117 1.6900607347488403
34 1.9119315147399902 1.7922728061676025
35 1.9106395244598389 1.7805358171463013
36 1.9224902391433716 1.8071306943893433
37 1.8470475673675537 1.7073253393173218
38 2.0198285579681396 1.9002845287322998
39 2.3234424591064453 2.1942999362945557
