0 0.533415675163269 0.7133474349975586
1 0.11029214411973953 -0.18080051243305206
2 -0.08071551471948624 0.7446728944778442
3 0.0517115592956543 -0.03223688527941704
4 0.17486773431301117 0.17431442439556122
5 0.1709604263305664 0.3670452833175659
6 0.5484828352928162 0.5404969453811646
7 0.2576044797897339 0.20637120306491852
8 0.639080286026001 0.12097994983196259
9 -0.1064063161611557 0.719597339630127
10 0.48247870802879333 -0.0738392099738121
11 0.69496750831604 0.05477752164006233
12 0.7459883689880371 0.3340740501880646
13 0.3322994112968445 -0.18968476355075836
14 -0.09770754724740982 0.1583394706249237
15 0.3339599072933197 0.06376340985298157
16 0.37065666913986206 -0.13972696661949158
17 0.23542392253875732 0.1338433176279068
18 0.6232510209083557 0.01244590524584055
19 -0.02705756016075611 -0.1004500463604927
20 -0.04211713746190071 0.23002958297729492
21 0.6868382692337036 0.6446101665496826
22 -0.20131340622901917 0.7151163816452026
23 0.6182327270507812 0.6431963443756104
24 0.5920879244804382 0.40859508514404297
25 -0.016994046047329903 0.4498536288738251
26 0.027816414833068848 0.04175408184528351
27 0.5366378426551819 0.6985929012298584
28 0.26597708463668823 0.7417787909507751
29 0.3172415494918823 0.802675724029541
116 0.6893305778503418 0.6846731305122375
117 0.7621515989303589 -0.21006803214550018
118 0.12685370445251465 0.3746096193790436
119 0.5109026432037354 0.06082853674888611
30 0.5663985013961792 -0.12743280827999115
31 -0.15017729997634888 -0.026026880368590355
32 0.6414608955383301 0.5730969905853271
33 0.7015891075134277 0.1668180227279663
34 0.07209238409996033 0.04893723875284195
35 -0.13741327822208405 -0.0637357234954834
36 0.2628156840801239 0.5840583443641663
37 0.6111000776290894 0.6982888579368591
38 0.22868196666240692 -0.08357345312833786
39 0.7183575630187988 0.77656090259552
