0 1.1421657800674438 0.2431487739086151
1 1.0928196907043457 0.4242474138736725
2 1.0550410747528076 0.38949230313301086
3 1.090541958808899 0.3590598404407501
4 1.0534321069717407 0.38176247477531433
5 1.0579650402069092 0.4065932035446167
6 1.0611826181411743 0.3320252597332001
7 1.1350022554397583 0.2300191968679428
8 1.0644136667251587 0.3475041389465332
9 1.0638993978500366 0.3313778042793274
10 0.9981289505958557 0.3754013776779175
11 1.0028630495071411 0.34045952558517456
12 1.0188696384429932 0.2500954866409302
13 0.931820273399353 0.31669142842292786
14 0.9694517850875854 0.278266042470932
15 0.9022888541221619 0.33063215017318726
16 1.7172198295593262 -0.5865540504455566
17 1.8116272687911987 -0.6782795786857605
18 1.9314059019088745 -0.7719999551773071
19 2.0252845287323 -0.8617715239524841
20 2.1330599784851074 -0.9534207582473755
21 2.0552499294281006 -0.9312149882316589
22 2.2843425273895264 -1.0665019750595093
23 2.264617681503296 -1.089231252670288
24 2.373918056488037 -1.1680946350097656
25 2.3931963443756104 -1.1685758829116821
26 2.423553705215454 -1.210881233215332
27 2.500694990158081 -1.2234222888946533
28 2.391800880432129 -1.1813685894012451
29 2.624842643737793 -1.2984941005706787
116 0.9752747416496277 1.4844613075256348
117 1.0147889852523804 1.5878057479858398
118 1.0628790855407715 1.7909953594207764
119 1.081918716430664 1.9254827499389648
30 1.092109203338623 2.0448992252349854
31 1.1284794807434082 2.301806926727295
32 1.0829366445541382 2.1640918254852295
33 1.1282861232757568 2.2993905544281006
34 1.1587468385696411 2.309083938598633
35 1.1336960792541504 2.2995636463165283
36 1.2469367980957031 2.601651668548584
37 1.204087734222412 2.4895009994506836
38 1.1723450422286987 2.419387102127075
39 1.2935861349105835 2.653798818588257
