0 1.7684454917907715 0.0
1 1.7253767251968384 0.0
2 1.4482812881469727 0.0
3 1.3505021333694458 0.0
4 1.1215455532073975 0.0
5 0.9452211856842041 0.0
6 0.6405289769172668 0.0022403672337532043
7 0.6203141808509827 0.0
8 0.48490458726882935 0.011664964258670807
9 0.060316357761621475 0.0003495514392852783
10 5.509518086910248e-05 0.0
11 0.0 0.0
12 0.0 0.0
13 0.07681077718734741 0.020757265388965607
14 0.08594589680433273 0.0
15 0.0 0.0
16 0.0 0.054785825312137604
17 0.0 0.0
18 0.07966706901788712 0.0
19 0.07112766802310944 0.00359421968460083
20 1.9294542074203491 1.2138603925704956
21 1.7956315279006958 1.1318609714508057
22 1.700555443763733 1.0916529893875122
23 1.4123690128326416 0.9976574778556824
24 1.4620295763015747 0.9944778680801392
25 1.3179851770401 0.847853422164917
26 1.0435889959335327 0.6864287257194519
27 0.7026743292808533 0.5098828077316284
28 0.32093721628189087 0.1689700484275818
29 0.10875976830720901 0.0920075997710228
116 0.07306564599275589 0.0
117 0.07511807978153229 0.024786904454231262
118 0.07553546130657196 0.004415169358253479
119 0.0 0.004773888736963272
30 0.891852617263794 2.174787998199463
31 0.9442391991615295 2.1502137184143066
32 0.7911182045936584 2.026279926300049
33 0.34046196937561035 1.6235977411270142
34 0.1512385457754135 1.3857719898223877
35 0.0007736580446362495 1.1995381116867065
36 0.0 0.9337788224220276
37 0.0 0.636421263217926
38 0.0 0.5146583914756775
39 0.10875976830720901 0.0920075997710228
