0 0.45731303095817566 -0.5211057662963867
1 0.4590489864349365 -0.5304684638977051
2 0.46615085005760193 -0.4150654971599579
3 0.48243457078933716 -0.39708974957466125
4 0.48340779542922974 -0.29483965039253235
5 0.5241231322288513 -0.16302144527435303
6 0.5619126558303833 -0.012540053576231003
7 0.7398300170898438 0.315058171749115
8 0.9305822253227234 0.5225369334220886
9 1.0769507884979248 0.654428243637085
10 1.1448702812194824 0.6935608386993408
11 1.1858787536621094 0.7496984601020813
12 1.210700511932373 0.7565625905990601
13 1.3297293186187744 0.8972132205963135
14 1.3823927640914917 0.8945121169090271
15 0.832331120967865 0.29010188579559326
16 1.8172988891601562 1.3175780773162842
17 2.1656436920166016 1.579696536064148
18 2.0482771396636963 1.3359133005142212
19 2.402287721633911 1.6406540870666504
20 1.4534947872161865 -2.6924774646759033
21 1.4822460412979126 -2.7520699501037598
22 1.4522511959075928 -2.6839706897735596
23 1.3707284927368164 -2.4638566970825195
24 1.281460165977478 -2.219806671142578
25 1.1136152744293213 -1.755100965499878
26 0.9292315244674683 -0.936314046382904
27 0.8644651770591736 -0.3507411777973175
28 1.6124498844146729 1.0805230140686035
29 2.844869375228882 1.8901877403259277
116 1.8658862113952637 1.3289363384246826
117 2.324906349182129 1.7203774452209473
118 2.0805792808532715 1.3466980457305908
119 2.433802604675293 1.6973010301589966
30 1.448179841041565 -2.669175148010254
31 1.4905169010162354 -2.751018762588501
32 1.4892864227294922 -2.7182352542877197
33 1.405534267425537 -2.5407328605651855
34 1.2987406253814697 -2.214385509490967
35 1.1035957336425781 -1.7169097661972046
36 0.9387783408164978 -0.9702942371368408
37 0.8784700036048889 -0.3229564428329468
38 1.5736041069030762 1.0408498048782349
39 2.954437255859375 1.9764125347137451
