0 1.1025779247283936 1.2751731872558594
1 1.0817562341690063 1.0637726783752441
2 1.0490047931671143 1.064185619354248
3 1.0532252788543701 1.0443601608276367
4 1.089798092842102 1.011422038078308
5 1.0331370830535889 0.963580846786499
6 1.0137256383895874 0.9387611150741577
7 1.0654845237731934 0.9456303715705872
8 1.0326290130615234 0.7926545739173889
9 1.0733821392059326 0.7331106662750244
10 1.008582592010498 0.6859263181686401
11 1.0043141841888428 0.4897688925266266
12 0.9754844903945923 0.46376824378967285
13 0.9738969206809998 0.44711264967918396
14 0.9906632900238037 0.22676590085029602
15 0.9827369451522827 0.15403027832508087
16 1.019477367401123 0.08095509558916092
17 0.9747922420501709 0.11328068375587463
18 0.9799201488494873 -0.07994534820318222
19 0.985097348690033 -0.20076091587543488
20 0.9976939558982849 -0.3286066949367523
21 1.0919872522354126 -0.7419245839118958
22 1.0374360084533691 -0.6155704259872437
23 1.1030926704406738 -0.7250568270683289
24 1.0474035739898682 -0.6006231904029846
25 1.0666106939315796 -0.5579221248626709
26 1.026370644569397 -0.49213990569114685
27 1.0729466676712036 -0.7380617260932922
28 1.068269968032837 -0.632504940032959
29 1.0849205255508423 -0.6346240043640137
