0 0.2306090146303177 -0.08355587720870972
1 0.14177259802818298 0.14279021322727203
2 0.3120254576206207 0.6222806572914124
3 0.6319541931152344 0.6268874406814575
4 0.42668041586875916 0.4317079186439514
5 0.4710056483745575 0.6954121589660645
6 -0.08328743278980255 0.1060938835144043
7 0.7725937962532043 -0.13009917736053467
8 0.5296570658683777 0.41865792870521545
9 -0.11504217982292175 0.22078824043273926
10 0.047669000923633575 0.0246418584138155
11 0.32606643438339233 0.08443230390548706
12 -0.05084751546382904 0.7032172679901123
13 0.321490615606308 0.23682476580142975
14 0.4381553828716278 0.18116110563278198
15 0.19251444935798645 -0.19798855483531952
16 0.07786351442337036 0.048047032207250595
17 -0.11468345671892166 0.37359458208084106
18 -0.10847946256399155 -0.022965554147958755
19 -0.15097880363464355 -0.06871764361858368
20 0.2766466438770294 0.7002846598625183
21 0.44125258922576904 0.15610431134700775
22 0.7689411640167236 0.2226877063512802
23 0.4279777705669403 0.619985044002533
24 -0.02408527582883835 0.46566447615623474
25 0.32730337977409363 0.007469894364476204
26 0.3300703465938568 0.04683053493499756
27 0.0960783064365387 0.22458821535110474
28 -0.0761655941605568 -0.0986594632267952
29 0.22535061836242676 0.8784710168838501
