0 1.4434131383895874 -0.27135682106018066
1 1.4280993938446045 -0.31274905800819397
2 1.4423941373825073 -0.28242170810699463
3 1.4120700359344482 -0.30605387687683105
4 1.4749356508255005 -0.2842026650905609
5 1.4374834299087524 -0.23082487285137177
6 1.410895586013794 -0.2717195451259613
7 1.410462737083435 -0.2912205159664154
8 1.2426728010177612 -0.40965092182159424
9 1.2468746900558472 -0.4334726929664612
10 1.1270053386688232 -0.4938122630119324
11 1.099879264831543 -0.5269135236740112
12 1.0535261631011963 -0.5529523491859436
13 0.9761057496070862 -0.6110250949859619
14 0.8981392979621887 -0.6680579781532288
15 0.7537266612052917 -0.7987908720970154
16 0.6862012147903442 -0.8880828619003296
17 0.6665474772453308 -0.8849015235900879
18 0.6323572397232056 -0.9087468385696411
19 0.5872109532356262 -0.9817508459091187
20 0.47140198945999146 -1.099717140197754
21 0.4004875123500824 -1.1613792181015015
22 0.24965152144432068 -1.326111912727356
23 0.3328448235988617 -1.2246650457382202
24 0.33598437905311584 -1.2338688373565674
25 0.29958751797676086 -1.2808185815811157
26 0.27630820870399475 -1.2861250638961792
27 0.2712511718273163 -1.3411548137664795
28 0.3462408185005188 -1.2185858488082886
29 0.32247036695480347 -1.2782607078552246
