0 4.200218200683594 1.6984903812408447
1 4.082935810089111 1.7098889350891113
2 3.6312806606292725 1.7303966283798218
3 3.2006421089172363 1.6674143075942993
4 3.1641743183135986 1.4369388818740845
5 3.136514902114868 1.0860449075698853
6 2.321847438812256 0.7909691333770752
7 1.7193201780319214 0.6607429385185242
8 0.9722517728805542 0.40696319937705994
9 1.454538106918335 0.0018456652760505676
10 0.5992749333381653 0.16199371218681335
11 0.12878015637397766 0.0
12 0.1373792290687561 0.0
13 0.5596295595169067 0.0
14 0.1549062430858612 0.0
15 0.7845832109451294 0.016212474554777145
16 0.3551742136478424 0.0
17 0.5510923862457275 0.1628148853778839
18 1.067136287689209 0.006825484335422516
19 0.5144258141517639 0.0
20 0.0 2.030500888824463
21 0.0 1.8148272037506104
22 0.0 1.6407428979873657
23 0.0 1.391915202140808
24 0.0 1.1893610954284668
25 0.0 0.7924175262451172
26 0.0 0.659200131893158
27 0.007545851171016693 0.3408167362213135
28 0.06809438765048981 0.12177566438913345
29 0.48431074619293213 0.08889336884021759
