0 0.49037405848503113 -0.7190426588058472
1 0.49505534768104553 -0.6845290660858154
2 0.4969375729560852 -0.6439634561538696
3 0.528268039226532 -0.5899386405944824
4 0.5317148566246033 -0.521000862121582
5 0.5536545515060425 -0.4100375473499298
6 0.624654233455658 -0.09411497414112091
7 0.7377146482467651 0.17287346720695496
8 0.8950746059417725 0.44383853673934937
9 0.9911020398139954 0.5340960025787354
10 1.0710294246673584 0.6031511425971985
11 1.168569564819336 0.6921164393424988
12 1.1636157035827637 0.6909173130989075
13 1.262557864189148 0.7591635584831238
14 1.3185479640960693 0.8198933005332947
15 1.46888267993927 0.9483209848403931
16 1.4098162651062012 0.890640914440155
17 1.4582374095916748 0.9656766653060913
18 1.4786767959594727 0.9492288827896118
19 1.4148422479629517 0.9228744506835938
20 1.1092379093170166 -2.3859169483184814
21 1.1162999868392944 -2.3006110191345215
22 1.1600642204284668 -2.3830952644348145
23 1.072741985321045 -2.0765371322631836
24 1.0095490217208862 -1.7653714418411255
25 0.9633421301841736 -1.3134171962738037
26 0.9604145884513855 -0.9952905774116516
27 0.9264252781867981 -0.3124745190143585
28 1.3280463218688965 0.8495842218399048
29 1.3533717393875122 0.8961946368217468
