7 0.7160385847091675 0.5480440855026245
77 0.6945011615753174 0.4912160634994507
29 0.9423074722290039 -0.5500651597976685
50 0.666214644908905 0.6273794770240784
3 0.702908992767334 0.5506405830383301
35 0.7191574573516846 0.4761485159397125
9 1.2426443099975586 -0.9907154440879822
84 0.6749135851860046 0.5859024524688721
25 0.6945074200630188 0.5840259194374084
82 0.5988948345184326 1.0710362195968628
6 0.8382312655448914 0.02020055428147316
28 0.691495418548584 0.4104813039302826
64 0.7745633721351624 0.32118040323257446
51 0.6957579851150513 0.4192805290222168
108 0.8615325689315796 0.20796643197536469
74 0.6887056827545166 0.44606855511665344
19 0.777061402797699 0.6082466840744019
4 0.6990274786949158 0.37992894649505615
2 0.7004796266555786 0.5275962948799133
56 0.959886372089386 -0.30118995904922485
24 0.6956073045730591 0.6493821740150452
66 1.319595456123352 -1.1026498079299927
23 0.6637865304946899 0.5584287047386169
26 0.7214294075965881 0.618230938911438
30 0.7069573998451233 0.514119029045105
10 0.6637293696403503 0.5408804416656494
61 0.7118380069732666 0.4903184175491333
65 0.7448601126670837 0.2842237651348114
53 0.6775655150413513 0.542911946773529
0 0.8479042649269104 0.08346118032932281
15 0.712778627872467 0.5175175070762634
45 0.7099951505661011 0.497313529253006
87 0.716870903968811 0.529578685760498
52 0.6696130633354187 0.515252947807312
106 0.7441294193267822 0.5699423551559448
70 0.6985741257667542 0.5905724763870239
58 0.685859203338623 0.4212034344673157
130 0.6959643959999084 0.5392584204673767
98 0.7318227291107178 0.37859421968460083
103 0.7341156005859375 0.7121285796165466
80 0.6694996356964111 0.616951584815979
36 0.8677985072135925 -0.22442197799682617
40 0.959385871887207 -0.459568053483963
27 0.6961485743522644 0.5460231304168701
123 2.63751220703125 -2.890624523162842
1 0.7366228699684143 0.45092278718948364
54 0.7728844881057739 0.5587598085403442
5 0.7066384553909302 0.5257932543754578
96 0.7041516304016113 0.467852383852005
127 1.8699872493743896 -1.9698853492736816
120 0.668174684047699 0.5263510942459106
55 0.7333190441131592 0.5950769782066345
79 0.7764430642127991 0.5579098463058472
67 0.6666492223739624 0.5216148495674133
75 0.7201265096664429 0.5175583958625793
69 0.7070873975753784 0.5010592937469482
39 0.9305574297904968 -0.2691536843776703
41 0.6951859593391418 0.3157426714897156
49 0.7015470862388611 0.4999524652957916
71 0.6731091737747192 0.4811875820159912
31 0.7652372717857361 0.13574853539466858
46 0.747847318649292 0.5801257491111755
57 0.6973410844802856 0.4899579882621765
34 0.5962905883789062 0.2931385338306427
97 0.7155625224113464 0.4709295928478241
18 0.6968765258789062 0.5327596664428711
124 2.939459800720215 -3.259397506713867
43 1.4466944932937622 -1.5702565908432007
91 1.6070274114608765 -2.3095099925994873
38 0.6913601756095886 0.36297178268432617
42 0.912915825843811 -0.5810728073120117
22 0.753937304019928 0.5940409898757935
94 0.7236207127571106 0.4627581536769867
48 0.6886546015739441 0.5209464430809021
117 0.6545093655586243 0.47244179248809814
37 1.4250091314315796 -1.4862955808639526
68 0.7015056014060974 0.5159249305725098
47 0.6975730061531067 0.4975607097148895
63 0.7195417881011963 0.4393143355846405
83 0.7326713800430298 0.6079667210578918
21 0.7258051633834839 0.5288521647453308
8 0.8112717270851135 0.06408599764108658
121 2.4396021366119385 -2.656165838241577
20 0.7179898619651794 0.4429849684238434
60 0.7542432546615601 0.6162155270576477
33 0.6907818913459778 0.625252366065979
112 0.6741425395011902 0.6256003975868225
129 1.7772552967071533 -1.8509461879730225
125 2.5777058601379395 -2.8566179275512695
78 0.7127109169960022 0.5925339460372925
90 2.0715482234954834 -2.21124529838562
17 0.6940574049949646 0.502292811870575
32 0.6487308740615845 0.4917406737804413
44 1.0374248027801514 -0.5269919037818909
122 2.358576774597168 -2.526973247528076
126 1.637668251991272 -1.5877093076705933
95 0.6602504253387451 0.3783375322818756
128 1.4394460916519165 -1.1888422966003418
101 0.696168839931488 0.4706059992313385
13 0.7340694665908813 0.46390458941459656
92 0.7858824729919434 0.5431804656982422
102 0.6928420066833496 0.4496572017669678
110 0.7598095536231995 0.44525906443595886
88 0.6197559237480164 0.5246360301971436
62 0.709412157535553 0.5707953572273254
99 0.7125797867774963 0.6385143399238586
89 2.56523060798645 -2.800593376159668
72 0.6604776978492737 0.5026434063911438
93 0.7841001749038696 0.622704267501831
85 0.7108104228973389 0.6133430004119873
76 0.7260875701904297 0.7282530665397644
113 0.6674257516860962 0.444013774394989
81 0.971846878528595 -0.30350950360298157
107 0.7623763680458069 0.422294944524765
105 0.7328994274139404 0.5831478834152222
59 0.6942766308784485 0.6498624682426453
16 0.7182002067565918 0.4607090651988983
119 0.47559767961502075 0.6813634037971497
11 0.709113359451294 0.3933367431163788
86 0.7701022624969482 0.6948825120925903
111 0.6737839579582214 0.4661593437194824
73 0.7226356863975525 0.46098676323890686
115 0.7458323240280151 0.6651828289031982
104 0.6947603821754456 0.4464229345321655
116 0.7577928900718689 0.6857994794845581
100 0.7385866045951843 0.5059268474578857
14 0.7007184624671936 0.4974159896373749
109 0.7885776162147522 0.5399032831192017
114 0.5396196246147156 0.7025829553604126
12 0.7168357372283936 0.39755570888519287
118 0.762058436870575 0.6430363059043884
