7 0.40513157844543457 -0.7333910465240479
77 0.049719151109457016 -0.171396866440773
29 0.18939019739627838 -0.6993643641471863
50 -0.13593676686286926 -0.828532338142395
3 0.29194188117980957 -0.42615821957588196
35 0.8864071369171143 0.9328489303588867
9 0.027275338768959045 -0.7788028120994568
84 0.03204038366675377 -0.2537989616394043
25 0.4308318495750427 -0.7026386857032776
82 0.4240998923778534 -0.08422631025314331
6 0.15941530466079712 -0.7670894265174866
28 -0.14508751034736633 -0.2592356204986572
64 0.3925982117652893 -0.6445306539535522
51 0.4444475769996643 -0.5201239585876465
108 0.6688306331634521 0.10664006322622299
74 0.39550289511680603 -0.7313123941421509
19 -0.23246555030345917 -0.7194117903709412
4 0.4302630126476288 -0.6423255801200867
2 0.2797946631908417 -0.6382013559341431
56 0.5906957387924194 0.05255716294050217
24 -0.03517863526940346 -0.5317357778549194
66 0.24522195756435394 -0.3179844319820404
23 0.16430407762527466 -0.2268674373626709
26 0.47932231426239014 -0.5020101070404053
30 0.2601780593395233 -0.0898447185754776
10 -0.24461153149604797 -0.5950077772140503
61 0.1993444710969925 -0.040410786867141724
65 0.5862836837768555 -0.3663457930088043
53 0.2118964046239853 -0.36344489455223083
0 -0.194347083568573 -0.5108025074005127
15 -0.2729140818119049 -0.4045436680316925
45 0.4099782109260559 -0.8543988466262817
87 0.7720066905021667 -0.7665241956710815
52 0.43075886368751526 0.2622606158256531
106 0.5194012522697449 -0.558407723903656
70 0.005321646574884653 -0.7931954264640808
58 0.49225232005119324 -0.9868660569190979
130 0.7384604215621948 -0.3479321599006653
98 0.1869177371263504 -0.3132334053516388
103 0.4817153811454773 0.22196006774902344
80 0.1202557161450386 -0.46295708417892456
36 0.3775750994682312 -0.686948835849762
40 -0.007514636032283306 -0.2831043004989624
27 0.7241111993789673 -0.3930360972881317
123 0.42035385966300964 -0.1744178980588913
1 0.5583758354187012 -0.7820362448692322
54 0.0025434636045247316 -0.61600661277771
5 -0.0029322218615561724 -0.690744936466217
96 -0.11079046130180359 -0.19933906197547913
127 0.012869142927229404 -0.5351908206939697
120 -0.10758952051401138 -0.320454478263855
55 0.43594151735305786 -0.009669586084783077
79 -0.20804333686828613 -0.41352978348731995
67 0.11302971094846725 -0.3105410635471344
75 -0.004870993085205555 -0.7455632090568542
69 -0.08865668624639511 -0.6473932862281799
39 0.6060245037078857 -0.10313692688941956
41 0.5770933628082275 -0.29901933670043945
49 -0.026261454448103905 -0.6361948847770691
71 -0.012709712609648705 -0.18510650098323822
31 0.48535606265068054 -0.6146427392959595
46 0.12814496457576752 -0.34290599822998047
57 0.23509617149829865 0.12150385230779648
34 0.694093644618988 0.07215696573257446
97 0.2581919729709625 -0.18226295709609985
18 0.2300405353307724 -0.03319035470485687
124 0.27268120646476746 0.274056613445282
43 0.2964790165424347 -0.4437237083911896
91 0.20360001921653748 0.030377281829714775
38 0.20645885169506073 -0.21119099855422974
42 0.051180750131607056 -0.6839823722839355
22 0.5346853137016296 -0.4744240641593933
94 0.25758761167526245 -0.7720063328742981
48 0.08475048094987869 -0.3852795362472534
117 0.16830748319625854 0.21837358176708221
37 0.637083888053894 -0.5512738227844238
68 0.28853732347488403 -0.6444953680038452
47 0.2851181924343109 -0.20456789433956146
63 -0.11137141287326813 -0.6189486980438232
83 -0.021662933751940727 0.1986621767282486
21 0.22443078458309174 -0.33313825726509094
8 -0.06876222044229507 -0.5022091269493103
121 0.23940885066986084 0.031284112483263016
20 0.5880180597305298 0.9349017143249512
60 0.3274697959423065 0.12690937519073486
33 0.05369012802839279 -0.7146868109703064
112 0.006702871061861515 0.5329357385635376
129 -0.07663638889789581 0.37146317958831787
125 -0.1860998123884201 0.16855892539024353
78 -0.19116145372390747 0.041074059903621674
90 0.46777084469795227 0.3617287576198578
17 0.7408192753791809 0.29293423891067505
32 0.5006680488586426 0.04634150490164757
44 0.8525727391242981 0.16541656851768494
122 0.3346301019191742 -0.271274596452713
126 0.06273563206195831 -0.22287848591804504
95 0.2616194486618042 -0.17176596820354462
128 0.9493224620819092 0.20469236373901367
101 0.1636771857738495 -0.5107471942901611
13 0.5867354869842529 0.1493135690689087
92 0.7240419387817383 0.10422496497631073
102 0.6115793585777283 -0.042070627212524414
110 0.2788834571838379 0.8250069618225098
88 0.2789485454559326 -0.36714664101600647
62 0.4808609187602997 -0.46800175309181213
99 0.41934195160865784 -0.2835066616535187
89 -0.04771996662020683 0.06945593655109406
72 0.1188473105430603 0.041039302945137024
93 0.4102649986743927 0.07411205768585205
85 -0.030980100855231285 -0.04171573370695114
76 0.3950499892234802 -0.7741586565971375
113 0.19569939374923706 0.2200772762298584
81 0.7726205587387085 -0.6034810543060303
107 0.46171319484710693 0.5793185234069824
105 0.6625425815582275 0.9396231174468994
59 -0.0027437335811555386 -0.4818081855773926
16 0.6996200084686279 0.875810980796814
119 0.15697838366031647 0.1377267688512802
11 0.8046293258666992 0.6780436038970947
86 0.1652294397354126 0.18136703968048096
111 0.6999773979187012 -0.035380054265260696
73 0.4958134889602661 0.18725109100341797
115 0.9738067388534546 0.1037369966506958
104 0.10053086280822754 0.6122548580169678
116 0.153242826461792 0.20246803760528564
100 0.9211972951889038 0.8038032054901123
14 0.007890582084655762 0.5904827117919922
109 0.29548633098602295 0.18930459022521973
114 0.5181483030319214 -0.00949233677238226
12 0.8556991815567017 0.23819684982299805
118 0.061951279640197754 0.7307664155960083
