7 0.7509168386459351 -0.5922337174415588
77 0.7600247859954834 -0.6284481883049011
29 0.8544523119926453 -0.08968425542116165
50 0.7815276384353638 -0.30524736642837524
3 0.7506780624389648 -0.5478588938713074
35 0.722403347492218 -0.90035080909729
9 1.0401543378829956 0.2790796160697937
84 0.7258408665657043 -1.1731128692626953
25 0.7377784252166748 -0.5808724164962769
82 1.2841225862503052 0.95869380235672
6 0.7752513289451599 -0.38732385635375977
28 0.7359551191329956 -0.5413438677787781
64 0.7897200584411621 -0.4100167155265808
51 0.753373384475708 -0.47487786412239075
108 0.911400556564331 -2.1270134449005127
74 0.6898108720779419 -0.6641795635223389
19 0.8275203108787537 -0.47218453884124756
4 0.7384567856788635 -0.5715810656547546
2 0.7677249908447266 -0.4641438126564026
56 0.8564691543579102 -0.05549560859799385
24 0.7076179385185242 -0.7704681158065796
66 1.0456314086914062 0.34762170910835266
23 0.6901923418045044 -0.9773017168045044
26 1.2153090238571167 -3.9299020767211914
30 0.7239422798156738 -0.6674636006355286
10 0.8109000325202942 -0.21506139636039734
61 0.7669729590415955 -0.5604339241981506
65 0.77335125207901 -0.40763962268829346
53 0.6968572735786438 -0.9660799503326416
0 0.7951076626777649 -0.3274782598018646
15 0.7372473478317261 -0.629981517791748
45 0.7115224599838257 -0.7403205633163452
87 0.739146888256073 -1.6271978616714478
52 0.6975171566009521 -1.1662075519561768
106 0.7819379568099976 -0.5408017039299011
70 0.7308840751647949 -1.2951337099075317
58 0.7411665320396423 -0.5274364352226257
130 0.6865871548652649 -1.2342926263809204
98 0.796038031578064 -0.6123677492141724
103 0.8093734979629517 -0.6083171963691711
80 0.8225887417793274 -0.6052340865135193
36 0.8295056223869324 -0.18552440404891968
40 0.914760172367096 0.027948087081313133
27 0.7203860282897949 -1.3159157037734985
123 3.4281883239746094 2.2540910243988037
1 0.772788941860199 -0.46331673860549927
54 0.7719331383705139 -0.6886995434761047
5 0.7094853520393372 -0.7610819935798645
96 0.7978623509407043 -0.537017822265625
127 2.4836268424987793 1.5108637809753418
120 0.7488811016082764 -0.5566608309745789
55 0.8556234240531921 -0.15676727890968323
79 0.7614615559577942 -0.637565016746521
67 0.7300222516059875 -0.6785911917686462
75 0.774588406085968 -0.9248523712158203
69 0.7335847616195679 -0.653997540473938
39 0.9150917530059814 -0.03226936236023903
41 0.7779152989387512 -0.4230123460292816
49 0.7597357034683228 -1.5942267179489136
71 0.7004510164260864 -0.8052380084991455
31 0.7546119093894958 -0.4606509208679199
46 0.7726820111274719 -0.6325230002403259
57 0.7309432625770569 -0.7339876294136047
34 0.6618501543998718 -0.8585993051528931
97 0.7976788878440857 -0.5211124420166016
18 0.7533849477767944 -0.6396909952163696
124 3.224302291870117 2.1015784740448
43 1.3495129346847534 0.6432347893714905
91 2.0490357875823975 0.5238734483718872
38 0.7757638692855835 -0.4205763339996338
42 0.9232043623924255 -0.00017543193825986236
22 0.7705249786376953 -0.45980408787727356
94 0.7879498600959778 -0.4697863459587097
48 0.8091278076171875 -2.168822765350342
117 0.6905295848846436 -1.02652108669281
37 1.879507064819336 0.9306115508079529
68 0.7391778230667114 -0.5971179008483887
47 0.7422125339508057 -0.4824555218219757
63 0.8013659715652466 -0.3700141906738281
83 0.886006236076355 -2.4191532135009766
21 0.7559331059455872 -0.5476344227790833
8 0.8307525515556335 -0.2421526312828064
121 2.2745304107666016 1.4362717866897583
20 0.7322798371315002 -0.7635151743888855
60 0.7828382849693298 -1.331027626991272
33 0.7169700264930725 -1.6273090839385986
112 0.7184213995933533 -0.5878744125366211
129 1.540209174156189 0.8815417885780334
125 3.419076442718506 2.2328970432281494
78 0.7379431128501892 -0.7836337089538574
90 2.454486846923828 1.5362683534622192
17 0.7120999097824097 -0.7307624220848083
32 0.7052356600761414 -0.6790502667427063
44 0.9486700296401978 0.025161929428577423
122 2.732854127883911 1.7181068658828735
126 1.3680775165557861 0.6589869856834412
95 0.7382574081420898 -0.5555355548858643
128 1.194923758506775 0.41067129373550415
101 0.715236246585846 -0.9210946559906006
13 0.7242943048477173 -0.8875457048416138
92 0.808449387550354 -0.5456618070602417
102 0.7686176300048828 -0.4090053141117096
110 0.7091652750968933 -0.8086974620819092
88 0.7620959877967834 -0.33168330788612366
62 0.7005204558372498 -0.6534698605537415
99 0.7536927461624146 -1.5356721878051758
89 3.31266188621521 2.201667547225952
72 0.676916778087616 -0.829008936882019
93 1.191137671470642 0.5029965043067932
85 0.7049866318702698 -0.8750600814819336
76 0.8225699067115784 -1.962572455406189
113 0.7658970355987549 -0.4456801116466522
81 0.7576197385787964 -0.22091391682624817
107 0.77668297290802 -0.5708020925521851
105 0.7527890205383301 -0.8209635615348816
59 0.6864279508590698 -0.9380548596382141
16 0.6985680460929871 -0.8160616159439087
119 1.1031264066696167 0.40993866324424744
11 0.7112491130828857 -0.8446917533874512
86 0.7380906343460083 -1.3981423377990723
111 0.709077775478363 -0.7490116357803345
73 0.7421430945396423 -0.7472792267799377
115 0.7345365881919861 -1.0030120611190796
104 0.6958786845207214 -0.8527944684028625
116 0.7483971118927002 -0.9489720463752747
100 0.7712299823760986 -0.7450104355812073
14 0.6966817378997803 -0.739159345626831
109 0.7423707246780396 -0.7370402216911316
114 0.7298635840415955 -0.3120267391204834
12 0.7232480049133301 -0.6754763126373291
118 0.7526683211326599 -1.0192515850067139
