7 3.867929220199585 0.0
77 1.2642775774002075 0.6212419271469116
29 1.6209394931793213 0.0
50 1.9204983711242676 0.0
3 4.4595770835876465 0.1715097725391388
35 0.0 0.019517406821250916
9 3.131657600402832 0.0
84 0.4391551613807678 0.04739456623792648
25 3.731935501098633 0.0
82 0.0 0.0
6 4.073579788208008 1.0159980058670044
28 1.0172812938690186 1.6208000183105469
64 0.8151074051856995 0.21265172958374023
51 1.5865283012390137 0.8336821794509888
108 0.015397281385958195 0.2607257068157196
74 1.8313121795654297 1.295766830444336
19 0.7112451195716858 0.034857913851737976
4 1.898051381111145 0.36958691477775574
2 2.7042531967163086 1.843529462814331
56 0.544939398765564 0.168800488114357
24 2.525214910507202 0.8388457298278809
66 1.13649320602417 0.0
23 0.41753503680229187 0.7565210461616516
26 0.0 0.0
30 1.5203962326049805 0.10972677916288376
10 3.2272543907165527 0.2749857008457184
61 1.1774169206619263 0.015100770629942417
65 0.5030794143676758 0.48532918095588684
53 0.8473105430603027 0.4453064501285553
0 2.9087839126586914 0.9311238527297974
15 1.570781946182251 0.0
45 1.4056910276412964 1.3645384311676025
87 0.344184011220932 0.0
52 0.2589862048625946 0.0
106 0.46910810470581055 0.009566509164869785
70 0.4652632176876068 0.4805377721786499
58 2.8256499767303467 0.3480274975299835
130 0.03780217096209526 0.14807486534118652
98 0.7376851439476013 0.5190709829330444
103 0.0 0.0
80 0.3459228277206421 0.7742946743965149
36 2.8929970264434814 0.0
40 0.7101635336875916 0.0
27 0.351071298122406 0.30388692021369934
123 0.0 0.0
1 2.01017165184021 0.0
54 0.9650667309761047 0.7069845199584961
5 0.9408034682273865 0.0
96 0.05610102415084839 0.17956987023353577
127 0.0 0.0
120 0.34837186336517334 0.41320309042930603
55 0.3495821952819824 0.39643073081970215
79 2.3044919967651367 0.6243572235107422
67 0.5535035133361816 1.9146384000778198
75 0.9971880316734314 0.7488577365875244
69 0.5851832628250122 0.06925184279680252
39 0.004943245556205511 0.0037758881226181984
41 0.9830583333969116 0.3242243528366089
49 0.7957228422164917 0.0
71 0.6791034936904907 0.042110271751880646
31 0.7537841200828552 0.26640695333480835
46 0.5091043710708618 1.721967339515686
57 0.5560157299041748 0.611238420009613
34 0.0424572117626667 0.0967959612607956
97 0.4107292592525482 0.7785695791244507
18 0.9893052577972412 0.41733041405677795
124 0.0 0.0
43 0.0 0.0
91 0.0 0.0
38 0.37260663509368896 0.0
42 0.6707410216331482 0.0
22 0.8044187426567078 0.5769363045692444
94 0.8589311242103577 1.3398542404174805
48 0.0833360105752945 0.3251887857913971
117 0.030439084395766258 0.15969601273536682
37 0.17941926419734955 0.0
68 0.23841145634651184 0.0
47 0.11360928416252136 0.49840861558914185
63 0.9868678450584412 0.0
83 0.055303383618593216 0.03727533295750618
21 1.2585023641586304 0.8997510075569153
8 0.8714061379432678 0.9124089479446411
121 0.0 0.0
20 0.0 0.019517406821250916
60 0.3865169882774353 0.30436238646507263
33 0.2590264678001404 0.891461193561554
112 0.04733909294009209 0.22525298595428467
129 0.032806552946567535 0.027392961084842682
125 0.0 0.0
78 0.03692353889346123 0.2669477164745331
90 0.0 0.0
17 0.14308060705661774 0.07991276681423187
32 0.2990407347679138 0.3348432183265686
44 0.0 0.04989587515592575
122 0.0 0.0
126 0.04244960844516754 0.000507608987390995
95 0.18209081888198853 0.02848995104432106
128 0.0 0.019517406821250916
101 0.0 0.0064631374552845955
13 0.0 0.019517406821250916
92 0.0 0.0
102 0.08200864493846893 0.3432984948158264
110 0.0 0.019517406821250916
88 0.22212687134742737 0.6280851364135742
62 0.5345979332923889 0.1659926325082779
99 0.0 0.059713657945394516
89 0.0 0.024229098111391068
72 0.14308060705661774 0.07991276681423187
93 0.0 0.06488236039876938
85 0.03788086026906967 0.2677649259567261
76 0.3488694727420807 0.7160700559616089
113 0.22212687134742737 0.6280851364135742
81 0.0 0.052273549139499664
107 0.0 0.019517406821250916
105 0.0 0.019517406821250916
59 0.186943918466568 0.2236550748348236
16 0.0 0.019517406821250916
119 0.41119185090065 0.0
11 0.0 0.019517406821250916
86 0.0 0.019517406821250916
111 0.006667302455753088 0.16827018558979034
73 0.0 0.019517406821250916
115 0.0 0.019517406821250916
104 0.0 0.019517406821250916
116 0.0 0.019517406821250916
100 0.0 0.019517406821250916
14 0.0 0.019517406821250916
109 0.0 0.019517406821250916
114 0.07022662460803986 0.350843220949173
12 0.0 0.019517406821250916
118 0.0 0.019517406821250916
