7 1.4772950410842896 -0.2992825210094452
77 0.8329131007194519 0.7351807355880737
29 0.8395898342132568 0.5280628800392151
50 0.8847530484199524 0.3998081684112549
3 1.2821608781814575 -0.08989793807268143
35 6.790904521942139 -5.225333213806152
9 1.2010160684585571 -0.07246321439743042
84 3.3911643028259277 4.5417633056640625
25 1.4630614519119263 -0.3149958550930023
82 2.0027289390563965 -1.3306812047958374
6 1.2542009353637695 -0.036595817655324936
28 0.8299110531806946 0.7094981670379639
64 2.6682560443878174 3.5478508472442627
51 0.7679156064987183 0.37889859080314636
108 2.7100765705108643 4.020319938659668
74 0.9674506783485413 0.018034599721431732
19 2.634469747543335 3.904259204864502
4 0.7806567549705505 0.4230012893676758
2 1.210504412651062 -0.031231975182890892
56 2.7485146522521973 4.080081939697266
24 1.1957675218582153 -0.08610799908638
66 0.8260622620582581 0.3560747504234314
23 0.9086298942565918 0.8393369317054749
26 1.3082857131958008 -0.7136827111244202
30 1.3844228982925415 0.7950612902641296
10 1.0796079635620117 -0.012217574752867222
61 0.7783612608909607 0.4871780276298523
65 0.9135962724685669 0.8596022129058838
53 0.8073291182518005 0.590701162815094
0 1.0042614936828613 -0.017211508005857468
15 0.7879651188850403 0.43476933240890503
45 1.1686265468597412 -0.017452580854296684
87 2.8401849269866943 4.157459259033203
52 0.15977706015110016 0.057020604610443115
106 2.9069533348083496 4.523989200592041
70 1.712246060371399 2.3594486713409424
58 1.0727970600128174 -0.012178509496152401
130 1.8437175750732422 -1.1402324438095093
98 2.583080291748047 3.8369128704071045
103 0.8122347593307495 -0.38243237137794495
80 2.2987494468688965 3.349177837371826
36 1.170711636543274 -0.02170337177813053
40 2.832653045654297 3.9293015003204346
27 2.874530553817749 3.7467989921569824
123 0.8136420249938965 0.23540645837783813
1 0.8926335573196411 0.3743772804737091
54 0.7742527723312378 0.4733418822288513
5 1.4078642129898071 0.6516686677932739
96 2.747831344604492 4.067967414855957
127 5.81485652923584 8.51999568939209
120 2.836700677871704 4.210800647735596
55 3.023120403289795 4.444321632385254
79 1.0226038694381714 0.008055238053202629
67 0.7977253794670105 0.5252219438552856
75 0.842014729976654 0.7257294058799744
69 1.3862881660461426 1.828287124633789
39 0.6098456382751465 -0.19919419288635254
41 0.8259510397911072 0.6485403776168823
49 2.562957286834717 3.5227551460266113
71 2.643204689025879 3.760009765625
31 2.0284030437469482 2.6992945671081543
46 1.0924828052520752 1.201678991317749
57 2.5686910152435303 3.7815840244293213
34 0.2675788998603821 0.29303085803985596
97 1.0594860315322876 1.168401837348938
18 1.113392949104309 1.1911125183105469
124 2.007996082305908 -1.2753064632415771
43 2.905874490737915 4.253945827484131
91 2.035022020339966 -1.323972225189209
38 3.6326301097869873 5.313009738922119
42 2.862633466720581 3.9123446941375732
22 0.7866045236587524 0.5791571140289307
94 1.0177322626113892 1.0068590641021729
48 1.8121180534362793 2.735851526260376
117 1.937798261642456 -1.2145607471466064
37 5.3669610023498535 7.867092132568359
68 2.9022467136383057 4.271051406860352
47 0.22000066936016083 0.032828133553266525
63 2.982173204421997 3.944127082824707
83 5.377321720123291 7.882407188415527
21 0.7840022444725037 0.42391133308410645
8 0.8322011232376099 0.6943466663360596
121 1.8272902965545654 -1.1403003931045532
20 6.822650909423828 -5.239933013916016
60 2.696049690246582 3.9376628398895264
33 2.756753921508789 4.0559186935424805
112 2.807095766067505 -2.0546514987945557
129 2.7912678718566895 -2.0061516761779785
125 0.8745303750038147 0.2272288054227829
78 2.506357431411743 3.7911930084228516
90 0.26448509097099304 0.17447726428508759
17 3.549436092376709 -2.301767587661743
32 3.1275699138641357 4.620591640472412
44 1.9725171327590942 -1.239300012588501
122 3.3253424167633057 4.886775016784668
126 2.210801124572754 -1.4871524572372437
95 0.7872463464736938 -0.3186226189136505
128 6.77937650680542 -5.196697235107422
101 0.8542370200157166 -0.3242552578449249
13 6.711086273193359 -5.141213417053223
92 0.8244361877441406 -0.3941707909107208
102 2.6370327472686768 -1.8895407915115356
110 6.674368381500244 -5.121406555175781
88 2.7284023761749268 4.084756374359131
62 3.0758285522460938 4.801059722900391
99 0.9427738189697266 -0.3797650635242462
89 0.4990430474281311 0.20435059070587158
72 3.5673797130584717 -2.337395191192627
93 0.7231617569923401 -0.24811875820159912
85 0.8054358959197998 -0.36357295513153076
76 2.8202412128448486 4.1592230796813965
113 2.763533353805542 4.1803975105285645
81 2.0486085414886475 2.970285654067993
107 6.730241775512695 -5.150344371795654
105 6.787538528442383 -5.204962253570557
59 2.6377739906311035 3.8919169902801514
16 6.752060413360596 -5.181135177612305
119 2.814830780029297 4.154311656951904
11 6.702979564666748 -5.140965938568115
86 6.685681343078613 -5.132544994354248
111 2.9623327255249023 -2.1622331142425537
73 6.66387414932251 -5.115293025970459
115 6.654773712158203 -5.1129584312438965
104 6.79482364654541 -5.213327884674072
116 6.7307515144348145 -5.153539180755615
100 6.733967304229736 -5.156746864318848
14 6.956752777099609 -5.33608865737915
109 6.620941162109375 -5.077572345733643
114 2.562932252883911 -1.8037302494049072
12 6.620904922485352 -5.082374572753906
118 6.788323402404785 -5.197686195373535
