1397 0.6439586281776428 0.5759096145629883
1470 1.4521888494491577 1.1984554529190063
362 0.7766333818435669 0.5332352519035339
226 7.683136940002441 10.891541481018066
750 1.4214987754821777 1.1895219087600708
489 4.609803199768066 1.3187141418457031
1462 1.929165244102478 8.203243255615234
1713 2.0327484607696533 2.5415029525756836
393 2.208599805831909 2.4651856422424316
445 2.042292356491089 2.437291383743286
696 4.11319637298584 0.0
1610 0.7165312170982361 0.4561784863471985
889 0.7035397291183472 0.45781823992729187
1615 1.3601728677749634 0.0
708 3.3511455059051514 3.5677108764648438
713 4.252964973449707 0.0
718 0.6913384199142456 0.4575144350528717
1630 1.9726356267929077 0.0
734 4.324322700500488 0.0
776 4.615840911865234 0.01791980117559433
814 4.388909816741943 0.014711819589138031
818 4.309519290924072 0.0
1401 5.805056571960449 10.003263473510742
220 2.870419979095459 4.667983531951904
1412 0.17943555116653442 8.563365936279297
1413 2.9993085861206055 5.87021017074585
228 8.22059440612793 12.321128845214844
233 8.106613159179688 11.255270957946777
235 8.072901725769043 12.173994064331055
1450 3.0974748134613037 4.758026123046875
236 8.590132713317871 11.080266952514648
1455 2.2737720012664795 3.692281723022461
1465 1.5782444477081299 11.297399520874023
1466 3.241905927658081 11.3709716796875
1468 4.893063545227051 10.102079391479492
243 7.1735429763793945 9.536160469055176
245 8.212690353393555 12.171571731567383
1535 1.2500026226043701 1.9652529954910278
780 0.5944847464561462 0.38175487518310547
1550 1.1855673789978027 2.226283311843872
2273 0.89811110496521 0.655028223991394
1616 1.3253105878829956 0.0
2158 0.09947404265403748 0.0
1624 1.065649390220642 2.1817445755004883
2165 0.10447372496128082 0.0
2167 0.0928201898932457 0.0
1631 1.4146459102630615 0.0
1640 1.3872425556182861 0.0
1659 1.3920745849609375 0.0
1662 1.1397783756256104 1.675173044204712
2280 0.11707613617181778 0.0
2307 0.09827292710542679 0.0
16 3.15450119972229 3.5235636234283447
11 1.5270929336547852 0.12514697015285492
48 1.7631189823150635 0.0
68 1.7457250356674194 0.0
67 1.2378454208374023 2.0007190704345703
88 3.1120779514312744 3.521315813064575
116 2.0953633785247803 0.3866283893585205
119 0.0 3.831695795059204
493 0.0 0.5191080570220947
167 1.6889888048171997 0.0
181 1.7891392707824707 0.0
15 1.7293014526367188 0.0
64 1.6730685234069824 0.0
66 1.6285254955291748 0.0
73 1.747624158859253 0.0
92 1.7460198402404785 0.0
172 1.10692298412323 2.2169549465179443
186 0.9507733583450317 0.5385252237319946
63 1.743415355682373 0.2240726351737976
436 0.6112322807312012 0.0
100 2.799611806869507 0.0
101 2.1707847118377686 0.0
107 2.9808781147003174 0.0
458 0.8910052180290222 0.6834537386894226
1443 0.2358618974685669 8.68691635131836
1445 0.0 8.893294334411621
133 0.9826834201812744 0.3712702691555023
1567 0.5506709218025208 0.0
890 0.8828598856925964 0.24939677119255066
1592 0.41013458371162415 0.0
1597 0.5332250595092773 0.0
1601 0.5837374925613403 0.0
1398 0.009278304874897003 8.321176528930664
1005 1.1146169900894165 2.593674421310425
695 1.4117352962493896 1.009634017944336
700 1.2156577110290527 0.9102226495742798
714 3.1677567958831787 3.267545461654663
722 0.46140897274017334 0.34945544600486755
663 1.970047950744629 0.8325088024139404
788 1.9879651069641113 4.030602931976318
1018 2.3686187267303467 0.39442721009254456
509 4.4046478271484375 1.245491623878479
811 1.1656520366668701 2.2997243404388428
1481 1.7390027046203613 3.9256417751312256
1891 1.3618083000183105 0.8582760095596313
390 1.196685791015625 2.2576792240142822
277 0.41766631603240967 0.27194875478744507
434 2.8904550075531006 1.1952898502349854
960 2.3457190990448 0.7970132827758789
475 2.824289560317993 1.1925264596939087
346 0.7407736778259277 0.5929699540138245
1716 0.0 2.174586057662964
1717 0.3194305896759033 1.7009233236312866
1718 0.0 2.128265380859375
400 1.9884141683578491 2.3756778240203857
410 2.690070390701294 2.88702392578125
2159 2.3776473999023438 0.0
1745 0.0 2.35067081451416
1765 0.0 2.258478879928589
1799 0.0 2.012624979019165
1805 0.21720537543296814 1.831774353981018
1815 0.0 2.322974443435669
1829 0.0 2.063586711883545
1840 0.0 2.4517414569854736
1855 0.0 2.125605821609497
1865 0.0 2.1791586875915527
1783 0.319118857383728 1.7583471536636353
902 1.2999560832977295 2.3251020908355713
1247 1.314871907234192 2.8436477184295654
933 0.3510153293609619 0.0
682 1.3593692779541016 2.408710479736328
23 3.2151706218719482 4.094182968139648
391 1.1979442834854126 4.8844990730285645
25 1.0361078977584839 0.6744134426116943
89 3.0513975620269775 0.0
980 2.937650680541992 3.209864616394043
1394 13.491761207580566 3.621279239654541
1545 13.97490406036377 3.8922033309936523
887 13.432185173034668 3.574558973312378
893 5.76241397857666 1.9764395952224731
289 14.685330390930176 3.8838608264923096
931 15.630889892578125 4.25360631942749
950 12.927277565002441 3.3724191188812256
975 14.434359550476074 3.7894647121429443
999 15.186131477355957 3.9815170764923096
955 15.53757095336914 4.055117607116699
341 14.756087303161621 3.9866132736206055
1555 0.44332486391067505 0.0
1619 0.712364912033081 0.0
1575 0.7184696197509766 0.0
1600 0.316190630197525 0.0
1585 0.43983107805252075 0.0
1565 0.28017565608024597 0.0
27 1.0656278133392334 2.2359964847564697
43 2.618425130844116 0.0
60 1.1970453262329102 2.2443368434906006
85 0.05834389477968216 0.0
160 2.9621329307556152 2.81020188331604
216 3.1723945140838623 0.0
31 3.479844331741333 0.0
69 3.226325750350952 0.0
70 3.1996195316314697 0.0
221 2.9371252059936523 0.14074280858039856
222 2.2634646892547607 0.0
223 2.81048583984375 0.04416366666555405
666 1.2265658378601074 2.291987657546997
124 3.1381466388702393 0.0
234 3.166853189468384 0.0
142 2.5580637454986572 0.0
247 9.382767677307129 11.669881820678711
399 1.2417781352996826 1.7213307619094849
416 0.7518174052238464 1.4895209074020386
1497 0.957456111907959 0.47897714376449585
1498 1.174485445022583 2.2188448905944824
1509 1.4236223697662354 1.1993247270584106
885 0.4107402563095093 0.25618040561676025
525 0.811516523361206 1.6952896118164062
2312 2.952115297317505 3.345336437225342
14 3.273730993270874 3.756913185119629
30 3.31291127204895 3.6537764072418213
41 2.7540299892425537 3.0233266353607178
49 1.0039066076278687 0.7328118085861206
51 1.761077642440796 0.3280443847179413
52 2.7714006900787354 0.26160258054733276
654 0.7176801562309265 0.43298038840293884
58 2.2152044773101807 0.5716062784194946
76 2.411989212036133 0.26239120960235596
77 3.23370623588562 3.661081314086914
1467 1.6071771383285522 10.696097373962402
397 2.8901078701019287 3.033425807952881
841 0.6213878393173218 0.3901595175266266
1746 0.835523247718811 0.5681769847869873
435 6.508457183837891 1.3208938837051392
464 10.296172142028809 1.3336902856826782
1663 17.543760299682617 8.45759391784668
485 3.0284581184387207 3.330247163772583
984 1.4401873350143433 0.0
623 0.0 0.4906577169895172
624 0.0 0.7530891299247742
531 6.362640380859375 1.4197248220443726
856 0.8774795532226562 0.6451343297958374
2393 0.34575793147087097 0.2792729139328003
1311 0.5348074436187744 0.4054008424282074
0 0.3600894510746002 0.358879417181015
496 1.0033385753631592 0.7277467250823975
1036 0.20125919580459595 0.0
1064 1.426330327987671 0.0
2047 0.5911883115768433 0.3969521224498749
1174 0.1931406855583191 0.0
1176 1.4226515293121338 0.0
1177 0.4932504892349243 0.0
2113 0.0 0.001331426203250885
2109 0.11904362589120865 0.0
1157 0.27930748462677 0.0
1673 15.030989646911621 6.941146373748779
895 0.25906217098236084 0.0
1722 0.5166509747505188 1.4683500528335571
1848 0.7865803837776184 0.6227775812149048
1832 0.7892922163009644 1.7148727178573608
1867 0.5074784755706787 0.9799988269805908
2330 12.454577445983887 8.276334762573242
1607 7.65487003326416 5.459027290344238
433 12.733101844787598 1.318110704421997
437 4.743058204650879 2.9790096282958984
1638 20.06376075744629 10.745755195617676
1637 18.60926628112793 9.658721923828125
1658 10.203831672668457 7.433312892913818
1645 16.71393394470215 7.853875160217285
1646 17.63689422607422 8.435526847839355
1648 20.704832077026367 11.070236206054688
1647 18.435941696166992 9.75475025177002
1653 13.548800468444824 5.672235012054443
1660 11.912935256958008 9.008992195129395
2112 0.7285047769546509 0.48514971137046814
2130 1.0160369873046875 0.5839777588844299
2134 0.7285047769546509 0.48514971137046814
2148 2.2455360889434814 1.5412546396255493
2126 2.258669853210449 1.9503761529922485
2139 2.6954305171966553 2.5739569664001465
2153 2.568697452545166 1.9945809841156006
2174 2.11613130569458 1.6687644720077515
457 2.87600040435791 1.1815282106399536
2197 1.8828651905059814 1.8111680746078491
2199 2.8895606994628906 1.620263695716858
2200 2.152505397796631 1.69989812374115
2252 2.206475019454956 1.7457460165023804
2293 2.878680467605591 1.576332926750183
2296 2.9840645790100098 1.6113547086715698
2297 2.6281559467315674 1.5351048707962036
2303 2.9021170139312744 1.6326231956481934
2288 0.5394469499588013 0.972420871257782
2315 2.585876226425171 1.8763047456741333
1016 1.1922614574432373 2.227536916732788
1574 0.8210921287536621 0.5294371843338013
1576 0.45153316855430603 0.30562883615493774
1583 0.8794312477111816 0.4986760914325714
982 1.8440711498260498 4.250448226928711
42 0.9879868626594543 0.5493723154067993
47 0.0 4.13069486618042
1641 8.792691230773926 3.887273073196411
497 2.034635066986084 2.689424514770508
32 3.198028802871704 1.204554557800293
136 2.0088329315185547 2.4948041439056396
146 0.0 4.065397262573242
1896 2.1108219623565674 1.0790152549743652
2101 1.347105622291565 1.719641089439392
1517 3.3900654315948486 1.1423805952072144
510 2.936150312423706 1.1935691833496094
2147 0.4844147264957428 0.4367375075817108
1621 14.142916679382324 5.8353495597839355
419 13.288933753967285 0.9408771991729736
1525 1.9527802467346191 1.5512028932571411
721 0.4407441020011902 0.3380095958709717
793 0.5210396647453308 1.0113506317138672
918 0.5310651659965515 0.9952170252799988
1530 0.1783638596534729 0.10133791714906693
1684 7.699695110321045 3.4705851078033447
46 1.8256568908691406 0.5037035346031189
323 0.8569479584693909 0.651402473449707
84 0.3854423761367798 0.25677433609962463
99 2.4391279220581055 0.4667340815067291
104 3.177596092224121 3.8662655353546143
113 1.1960837841033936 1.8287887573242188
117 1.2878308296203613 0.5826154351234436
153 0.5749212503433228 0.4289403557777405
161 0.3854423761367798 0.25677433609962463
1730 3.4114015102386475 3.719865560531616
1842 1.2072653770446777 2.2688863277435303
1731 3.1494345664978027 3.5076684951782227
1785 0.14973345398902893 0.017197124660015106
2404 0.10606635361909866 0.0
1007 1.217025876045227 2.28432297706604
1770 0.8846445679664612 0.7036547660827637
1879 0.578370213508606 1.0253732204437256
427 1.4417402744293213 1.089879035949707
544 0.0 0.0
449 0.0 0.0
359 3.412386655807495 4.8253865242004395
481 2.1753010749816895 1.116611361503601
536 3.2064828872680664 0.0
668 2.6741127967834473 0.41987794637680054
2344 4.52596378326416 1.7063392400741577
425 2.9996087551116943 1.2310549020767212
396 14.372503280639648 0.9185864925384521
405 0.6913384199142456 0.4575144350528717
406 0.855627179145813 1.6895595788955688
476 0.0 0.0637928768992424
140 0.08133990317583084 0.0
680 3.1208393573760986 2.3886802196502686
1493 1.1886712312698364 1.218381643295288
1482 0.40335986018180847 0.27413883805274963
1504 2.3728325366973877 1.2115358114242554
1492 1.4973748922348022 1.1888870000839233
1540 1.3818702697753906 1.2772876024246216
602 1.9528310298919678 2.8579494953155518
694 2.078413486480713 0.8056548833847046
1515 1.5284414291381836 1.1664959192276
526 0.5699511170387268 1.048094391822815
1505 1.1649928092956543 1.1996959447860718
26 3.046400308609009 0.0
90 2.8078513145446777 0.0
670 2.780461311340332 0.38384759426116943
1748 0.5051698088645935 1.4549387693405151
1981 1.0873312950134277 0.0
1980 0.47319573163986206 0.4038185179233551
1995 0.9567154049873352 0.0
2001 0.9988950490951538 0.0
2005 3.1896440982818604 3.527329921722412
2066 1.1828086376190186 2.223560094833374
2073 0.117645762860775 0.0
899 1.9389086961746216 0.7926628589630127
50 0.9215824604034424 0.7086673974990845
1626 0.8493724465370178 0.0
1639 0.8493233919143677 0.0
1651 0.5773923397064209 0.0
1664 0.8490643501281738 0.0
1666 0.8152954578399658 0.0
1686 0.816551923751831 0.0
1407 1.4763174057006836 6.1558756828308105
1400 2.139594793319702 7.460842132568359
1403 0.3065391182899475 9.352537155151367
560 1.6233115196228027 0.24493291974067688
1406 2.746117115020752 7.186609745025635
1417 0.2286309003829956 9.066913604736328
1423 0.3908624053001404 9.402950286865234
1430 2.7567083835601807 7.576860427856445
1433 0.0 8.298447608947754
1434 1.120779037475586 10.322247505187988
1435 1.1356735229492188 6.954430103302002
1440 0.9177402853965759 5.494521141052246
1446 0.6814150810241699 9.126107215881348
1457 0.76959627866745 5.298933029174805
1479 0.9543546438217163 4.052692413330078
218 1.181642770767212 2.311082363128662
217 3.5407063961029053 4.453254222869873
662 0.1479039192199707 0.0
655 1.147357702255249 0.6902713775634766
1208 3.198949098587036 3.577080249786377
2094 2.4928433895111084 2.9532182216644287
828 0.8059386014938354 0.5002869963645935
1369 0.14889439940452576 0.19471099972724915
848 0.21288391947746277 0.2123369574546814
373 4.2765350341796875 0.0
1405 1.8354847431182861 6.407023906707764
1421 3.6553890705108643 8.852230072021484
1425 2.6974880695343018 6.1821513175964355
1439 0.1312263011932373 8.09990406036377
1449 0.21484017372131348 8.164868354797363
1460 0.41840583086013794 8.651410102844238
1464 1.6524773836135864 5.000367164611816
1627 7.312605857849121 3.5202066898345947
1629 7.560089588165283 3.5892932415008545
1654 13.25393295288086 5.792917251586914
1661 15.197794914245605 6.8242034912109375
1753 4.0997514724731445 4.099058151245117
1772 5.024456024169922 4.168039798736572
1767 0.7869090437889099 1.9725905656814575
1850 4.056008815765381 4.177661418914795
250 1.225733995437622 2.301420211791992
185 3.084294557571411 0.0
1009 2.727797031402588 4.3122878074646
2221 0.6737982034683228 0.4732801914215088
240 1.9053301811218262 0.6203613877296448
242 8.597667694091797 11.917451858520508
1480 4.451712131500244 10.052539825439453
659 1.2840242385864258 2.3524818420410156
98 1.5011235475540161 0.13889631628990173
106 1.1620197296142578 2.260767698287964
229 7.908649444580078 10.773921966552734
1095 1.6598271131515503 0.0
121 1.5580271482467651 0.15549346804618835
122 0.7308068871498108 0.9463589191436768
143 1.1510283946990967 2.2079286575317383
175 1.7570972442626953 0.0
179 1.6047403812408447 0.0
183 1.7421891689300537 0.0
667 6.022604465484619 2.371636152267456
12 2.2459540367126465 0.35704505443573
651 2.6212007999420166 0.47197768092155457
930 0.6760828495025635 0.39943790435791016
1392 0.6923723816871643 0.411808043718338
932 7.23455286026001 3.0444576740264893
239 2.1714861392974854 0.08341377228498459
322 5.611141204833984 3.6092958450317383
1548 4.7861785888671875 3.050276517868042
325 1.124379277229309 0.9088624715805054
326 0.831610918045044 0.7341345548629761
342 0.6755296587944031 0.5467227101325989
1346 1.304656982421875 0.7028117775917053
1298 0.5175812244415283 0.3078337609767914
401 1.1760896444320679 1.7529677152633667
1566 1.398897647857666 0.0
1742 0.3600570261478424 0.2828807830810547
962 2.2706217765808105 0.0
334 1.362032175064087 0.7225661277770996
1860 0.0 0.0
276 0.5211860537528992 0.9893708229064941
1143 1.3976688385009766 1.0438135862350464
1055 2.1576688289642334 4.017906188964844
392 0.7055605053901672 0.0
1061 3.54443621635437 3.881981611251831
1062 0.5251818299293518 0.3495500683784485
2013 1.4630181789398193 0.0
1128 0.28553852438926697 0.2473767101764679
1185 0.5601300001144409 0.4226607084274292
1178 0.15354201197624207 0.0
355 0.6026492714881897 0.4499264359474182
1404 0.2618510127067566 8.65749454498291
1411 0.19016432762145996 8.584317207336426
1416 0.2624778747558594 8.656220436096191
1428 0.14726567268371582 8.519798278808594
1442 0.22756469249725342 8.431173324584961
1444 0.9985740184783936 9.726968765258789
1451 2.3217875957489014 9.9985933303833
1458 0.6978292465209961 4.200076580047607
1459 0.7506309747695923 4.36757755279541
1461 0.060098595917224884 7.684323787689209
244 9.207146644592285 11.991588592529297
1476 1.0034942626953125 10.013752937316895
1478 0.08508039265871048 8.385743141174316
231 2.960036516189575 0.0
940 2.1377029418945312 0.7285571098327637
917 3.0176541805267334 0.703635573387146
967 0.6452751159667969 0.632577657699585
344 0.4017249345779419 0.3816809356212616
961 2.2214317321777344 0.6655126810073853
1002 0.622930645942688 0.435046523809433
866 0.9765216708183289 0.5995303392410278
1541 0.9627721309661865 0.46945154666900635
1547 3.568707227706909 3.909646987915039
1418 3.0508296489715576 10.28814697265625
1402 3.298485517501831 7.819781303405762
1410 1.6657277345657349 9.783297538757324
1441 3.5647597312927246 7.815703392028809
1501 5.5652360916137695 2.29245662689209
755 1.2888720035552979 2.39351224899292
1635 16.123090744018555 7.346574306488037
1636 13.827486038208008 5.880714416503906
1580 0.2554430365562439 0.0
1558 0.30489838123321533 0.0
1013 0.651127815246582 0.4813869893550873
471 0.702167272567749 2.1271398067474365
1819 0.38011986017227173 1.651793360710144
1385 0.0 0.0
348 0.0 0.0
1254 0.2876429557800293 0.0
1255 0.16849741339683533 0.0
224 7.728603363037109 10.556665420532227
225 7.6602020263671875 10.579524993896484
232 8.783475875854492 11.011552810668945
241 8.16158390045166 11.250955581665039
246 7.898778915405273 10.67988109588623
1999 0.9550542831420898 0.0
1996 1.0084974765777588 0.0
1997 0.9845775365829468 0.0
1998 1.0095270872116089 0.0
2000 0.9991362690925598 0.0
2002 0.9866079092025757 0.0
2003 0.9860888719558716 0.0
1573 1.2461622953414917 2.308213949203491
2020 0.5660631060600281 0.0
2030 1.0851538181304932 0.0
2046 3.490541696548462 3.8474745750427246
2049 3.27595591545105 4.06564474105835
2074 1.3103193044662476 0.05516105145215988
194 1.3060612678527832 0.980880618095398
2215 1.1407020092010498 1.1646393537521362
673 0.300853967666626 0.29056739807128906
304 3.5855257511138916 3.0037739276885986
2182 1.1527010202407837 1.188159465789795
1484 2.1139516830444336 3.9496445655822754
1749 0.6189533472061157 2.210278272628784
1813 0.0 1.9658100605010986
1853 0.5526318550109863 2.007715940475464
1419 3.087080478668213 6.623934268951416
2175 2.3086764812469482 2.6889584064483643
2178 0.6290278434753418 0.46565690636634827
196 8.987682342529297 0.9436068534851074
2395 1.2426453828811646 2.342210054397583
292 1.4048633575439453 0.9133203029632568
772 1.2675530910491943 1.6113730669021606
1170 4.147467613220215 1.058613896369934
851 1.1662038564682007 1.6923798322677612
826 1.0649935007095337 1.9138144254684448
1261 3.0949347019195557 1.2150212526321411
1424 2.5019285678863525 7.315068244934082
1432 2.013842821121216 5.9539666175842285
1456 2.7928273677825928 7.085263729095459
1006 1.2001014947891235 2.280076265335083
1391 0.4487626254558563 0.4003972113132477
732 0.6485313177108765 0.40922799706459045
1408 3.9012291431427 8.644412994384766
1427 3.921964645385742 8.734983444213867
1429 2.445990800857544 5.746500492095947
1572 4.8616623878479 2.4472882747650146
227 2.0111517906188965 0.9826366901397705
375 3.663304328918457 5.777699947357178
922 0.0 0.0
1611 1.066415786743164 0.6148319840431213
1082 0.22165513038635254 0.0
1559 0.2929398715496063 0.0
972 0.1078651025891304 0.0
916 0.7363697290420532 0.5073338150978088
1603 0.33902180194854736 0.0
1909 0.9632702469825745 0.7314401865005493
1910 3.448153495788574 3.8178093433380127
2348 1.9981108903884888 0.6920992136001587
1330 3.2451841831207275 3.641693353652954
372 1.6821873188018799 1.1061747074127197
628 0.0 0.9036795496940613
1264 0.30747273564338684 0.0
1211 3.4189236164093018 3.8507673740386963
1213 0.34476950764656067 0.0
1250 0.3497046232223511 0.0
1296 0.35519301891326904 0.0
1300 0.3288882076740265 0.0
1299 0.32056504487991333 0.0
1316 2.104055643081665 1.1432193517684937
1333 0.34088844060897827 0.0
1340 0.18927738070487976 0.005050867795944214
1350 0.3362923562526703 0.0
1373 0.21898552775382996 0.0
1598 1.2674734592437744 1.8437412977218628
454 6.657471656799316 1.3318425416946411
472 8.308390617370605 0.24753651022911072
2322 0.9741274118423462 0.7475448846817017
482 1.1844502687454224 0.6559843420982361
213 1.170597791671753 2.253957509994507
658 2.7096550464630127 0.40509817004203796
137 2.732720136642456 0.2076464295387268
155 3.0471973419189453 0.0
929 0.3532489240169525 0.0
1436 1.2261289358139038 5.615950107574463
1474 1.9241571426391602 6.501420974731445
990 1.265176773071289 2.412968158721924
978 1.2387465238571167 2.3931822776794434
1108 0.12418965250253677 0.0
374 0.12871360778808594 0.0
315 1.2051458358764648 2.2446162700653076
973 0.06139514595270157 0.0
1594 0.09397450089454651 0.0
1549 6.64663028717041 4.053417205810547
1847 1.9325518608093262 0.7739633321762085
1807 0.6003080010414124 0.3808865547180176
110 0.007713533937931061 3.7458417415618896
61 0.0 4.068455696105957
91 0.0 3.9536454677581787
109 0.0 4.050332069396973
845 0.429097980260849 0.2706264555454254
159 0.0321991965174675 3.8873836994171143
1281 0.4719255268573761 0.0
451 0.7178398370742798 0.0
494 0.6825428009033203 0.0
1344 3.7071969509124756 1.1723743677139282
1475 0.5838853120803833 6.064061641693115
760 6.310504913330078 2.998936176300049
775 0.6885667443275452 1.1702399253845215
1960 1.1958993673324585 2.309889078140259
810 2.0488593578338623 0.901584267616272
839 1.276391625404358 1.8367639780044556
807 0.8152297139167786 0.4592697322368622
461 11.928248405456543 0.0
749 7.506348609924316 0.0
2351 4.940247535705566 0.4193149507045746
290 0.7849301099777222 0.4098970592021942
761 9.052704811096191 0.0
483 8.104567527770996 0.0
794 6.65086030960083 0.0
797 7.75612735748291 0.0
849 3.883857488632202 3.652649164199829
827 8.045365333557129 0.0
2387 7.964280128479004 0.0
832 6.947774887084961 0.0
833 7.530406951904297 0.0
1301 3.4596457481384277 3.844050407409668
1302 0.11055755615234375 0.0
819 3.103508710861206 3.5620362758636475
1226 0.33840203285217285 0.0
1257 1.173817753791809 2.2495691776275635
1234 0.2660277485847473 0.0
1063 0.6558196544647217 0.5110370516777039
1609 2.194221258163452 0.5376019477844238
1074 0.0 0.0
1075 0.22813859581947327 0.0
1008 1.2060259580612183 2.3312671184539795
2373 0.9406502842903137 2.636141777038574
697 1.0649935007095337 1.9138144254684448
2106 2.1703362464904785 2.58398699760437
1727 0.6101138591766357 0.37538453936576843
1736 3.5100743770599365 3.796600580215454
1732 3.558941125869751 3.9055135250091553
1744 3.36751651763916 3.753288507461548
1760 0.0 0.0
1887 0.2451915442943573 1.9316521883010864
650 2.249223470687866 0.704032301902771
1632 0.7063891887664795 0.0
763 0.4845001697540283 0.30127206444740295
672 2.5693888664245605 4.08859920501709
1229 0.0 0.24691706895828247
1259 0.2304026186466217 0.0
1863 0.13703712821006775 0.0
254 2.0442121028900146 1.0159683227539062
1970 1.228277325630188 2.24467396736145
1414 0.8692936301231384 4.58693265914917
669 0.5648046135902405 0.2735162079334259
1448 0.9339476227760315 4.660074710845947
762 4.027713298797607 0.0
1471 1.9679982662200928 7.910696506500244
1472 1.087127923965454 5.814039707183838
1239 0.0 0.28383204340934753
1318 0.49057692289352417 0.3365319073200226
562 0.6616681814193726 0.5112839937210083
75 3.4807801246643066 4.1212687492370605
742 2.6240203380584717 1.239883542060852
1071 0.5216468572616577 1.0295445919036865
1308 0.25561875104904175 0.16741231083869934
1310 1.9118657112121582 1.1762446165084839
1452 4.227511405944824 9.166916847229004
854 1.7934702634811401 1.2306749820709229
1507 1.6484487056732178 1.1532068252563477
747 0.5385615825653076 0.3836711645126343
2316 1.3656922578811646 1.147830605506897
939 8.139634132385254 2.5541725158691406
964 8.023611068725586 2.5621697902679443
237 6.588728904724121 2.4785056114196777
283 6.198531627655029 2.2005722522735596
1587 1.3124290704727173 0.9360406994819641
691 0.9429879188537598 0.5357574224472046
878 0.1184820905327797 0.0
386 10.670367240905762 1.457715392112732
388 0.6046618223190308 0.0
418 0.6668383479118347 0.0
1110 2.134204626083374 2.782027006149292
1922 0.4917876422405243 0.0
1831 0.5646184682846069 1.952218770980835
789 0.7187380790710449 0.3739922344684601
367 0.5925540924072266 0.5212552547454834
512 0.6643585562705994 0.0
518 3.27683424949646 3.7170727252960205
521 0.687873363494873 0.0
2009 2.9290931224823 3.3461406230926514
1321 2.03071665763855 2.5811502933502197
1643 17.39908790588379 7.849345684051514
1685 17.111520767211914 8.171808242797852
1123 0.12089549750089645 0.0
909 0.2538391649723053 0.0
1183 0.24890708923339844 0.2914930284023285
1523 0.6007152795791626 0.35115882754325867
1272 2.0789906978607178 1.1129926443099976
1288 0.6866214275360107 0.4753582775592804
1314 0.0 0.0
1326 2.121889352798462 1.1293375492095947
1328 0.1126708984375 0.0
1334 3.5568249225616455 1.2337974309921265
1352 0.26604944467544556 0.0
1363 0.19843953847885132 0.0
1589 1.9464986324310303 0.9767509698867798
733 6.365142822265625 3.307217836380005
255 3.575190782546997 1.2200562953948975
252 0.13511782884597778 0.0
846 0.5251647233963013 0.46213576197624207
1447 1.4554840326309204 7.1418890953063965
1420 2.4953410625457764 10.810965538024902
1454 2.2432403564453125 6.12482213973999
784 0.5553573966026306 1.0300021171569824
1687 3.472649335861206 3.8250582218170166
1797 0.19767048954963684 0.10688556730747223
1871 0.0 0.01578909158706665
1859 0.7929990887641907 0.6542425155639648
1689 0.5886038541793823 0.3828282058238983
1390 0.11837486177682877 0.0
266 1.9483277797698975 2.3844211101531982
910 2.408060312271118 0.0
280 3.3584353923797607 3.783259153366089
993 1.241456151008606 0.9176019430160522
154 0.08813833445310593 0.0
157 0.09651794284582138 0.0
679 2.445319414138794 0.4536743760108948
1243 0.27270275354385376 0.0
743 1.4125349521636963 1.0406787395477295
479 1.3745815753936768 0.6604093909263611
1219 0.10896299034357071 0.0
1223 2.0196428298950195 0.8466054797172546
1293 2.065704584121704 0.82663494348526
1244 0.18360355496406555 0.0
1065 0.08897095918655396 0.0
1342 0.11533915251493454 0.0
1303 0.14566096663475037 0.0
1331 1.3509094715118408 0.0
139 3.2035539150238037 3.5951883792877197
162 3.4277093410491943 3.752777338027954
173 2.991363763809204 3.2987492084503174
1453 0.5452312231063843 5.859918117523193
1513 0.8950275778770447 0.36378103494644165
3 12.45508098602295 7.585813999176025
78 2.8151962757110596 0.0
1149 0.19104716181755066 0.0
1127 0.5102055668830872 1.43887197971344
1093 0.12224670499563217 0.0
1975 0.39011114835739136 0.0
676 2.8305253982543945 0.38972097635269165
1017 0.581601619720459 0.3669329285621643
786 0.3500294089317322 0.2479824423789978
1764 6.1000285148620605 5.516115665435791
1771 4.2772345542907715 4.293969631195068
1826 0.6723340749740601 0.5186535716056824
1881 4.2827348709106445 4.304134368896484
1351 3.10500168800354 1.261315107345581
805 1.3869051933288574 0.61030113697052
723 3.4075772762298584 3.817530393600464
808 1.5002002716064453 0.6158578395843506
781 1.3475273847579956 0.5805741548538208
515 0.6911602020263672 0.0
720 1.374629020690918 0.542012095451355
994 1.1364760398864746 2.0979275703430176
2323 0.7144650220870972 0.44474470615386963
1364 0.7210625410079956 0.4728564918041229
1422 2.8342490196228027 6.732836723327637
318 1.2097687721252441 1.6157678365707397
702 0.3788834810256958 0.22522011399269104
1671 0.3360949754714966 0.22473067045211792
1477 3.3276281356811523 9.442888259887695
648 0.7998486757278442 6.0434393882751465
2060 1.8896321058273315 3.592898368835449
2061 0.6389734745025635 0.7111883163452148
1438 1.2915983200073242 3.3782026767730713
1469 1.8804532289505005 6.915571212768555
816 0.4947841465473175 0.32200559973716736
1172 3.313472032546997 1.1027817726135254
1089 1.4367073774337769 0.0
1173 0.0 0.0
1175 1.471781849861145 0.0
1188 0.19503432512283325 0.0
1167 0.6913384199142456 0.4575144350528717
364 0.2744760513305664 0.249659925699234
1431 3.712669849395752 9.08262825012207
269 3.569084405899048 2.4714720249176025
408 3.415703058242798 2.412576913833618
272 3.639533281326294 2.5349738597869873
448 5.478398323059082 3.3170599937438965
284 3.54559063911438 2.4413087368011475
288 3.627204179763794 2.517467737197876
10 3.4625024795532227 2.4234635829925537
1591 0.32445916533470154 0.27044498920440674
1159 3.4535751342773438 3.8056201934814453
901 0.38640135526657104 0.0
1184 0.22701844573020935 0.0
883 0.14949890971183777 0.0
6 5.340043067932129 4.602573871612549
519 0.739019513130188 0.4703797996044159
2069 0.09915021806955338 0.0
1974 3.34785795211792 3.663295030593872
2071 0.13197070360183716 0.0
308 2.9328839778900146 1.1044832468032837
310 2.0798661708831787 2.705228090286255
82 1.0606728792190552 0.5004675388336182
1130 2.1064367294311523 3.97202467918396
1028 0.0 0.0
1077 0.9446637034416199 0.6856423616409302
1393 2.3722379207611084 0.0
2010 0.3740066587924957 0.0
915 3.527543306350708 1.2236689329147339
1238 0.0 0.0
177 2.9199650287628174 3.2876534461975098
411 3.3933770656585693 3.728715658187866
79 3.1268677711486816 3.3281984329223633
102 0.9572694301605225 0.7142176032066345
2284 0.9428349733352661 0.6908953189849854
1283 0.0 0.0
1552 7.6455535888671875 2.484308958053589
1593 6.254183769226074 2.2780134677886963
2145 0.6801222562789917 0.5319792032241821
736 1.2034382820129395 2.293431282043457
1508 2.6095995903015137 1.207133173942566
1209 0.2074107825756073 0.0
1372 0.2083590030670166 0.0
340 0.5446290969848633 1.4668408632278442
2160 1.7664711475372314 0.6835068464279175
1491 1.0752325057983398 1.1351979970932007
2259 0.5141993165016174 0.9744083881378174
2291 1.533945083618164 1.0446983575820923
966 1.611276626586914 0.0
1872 0.6644415855407715 1.4732182025909424
1104 5.829912185668945 4.89564323425293
1057 3.766921043395996 4.125206470489502
430 6.384341239929199 1.5286712646484375
957 0.37912410497665405 0.46524688601493835
709 4.643847942352295 2.7692501544952393
882 0.29369375109672546 0.0
952 0.34192994236946106 0.0
983 0.30995458364486694 0.0
996 0.2374328076839447 0.0
1022 1.4090986251831055 0.9447107315063477
561 9.633366584777832 1.4006108045578003
1155 1.3708537817001343 0.0
2108 0.5909027457237244 0.4674297273159027
1903 0.4050363302230835 0.31156691908836365
2246 1.3593989610671997 1.130386233329773
692 1.2435059547424316 1.735275149345398
409 0.0 0.0
415 0.0 0.0
429 1.747348666191101 4.037337303161621
432 0.0 0.0
440 0.0 0.0
1510 0.0 0.0012938082218170166
126 0.49126407504081726 0.29303616285324097
505 0.0 0.0
514 1.2747509479522705 0.7386514544487
836 0.0 0.0
538 3.7372961044311523 1.2263113260269165
540 0.0 0.0
1502 1.878716230392456 0.33483511209487915
395 1.2281086444854736 2.348864793777466
2354 3.0837900638580322 2.37834095954895
820 0.6575438976287842 0.4674798548221588
2281 0.13562718033790588 0.0
1691 2.0754497051239014 2.5719046592712402
825 2.000633955001831 0.7774879336357117
2135 0.11968562752008438 0.0
444 4.638175010681152 1.05988609790802
715 7.0817790031433105 0.0
1571 4.90750789642334 0.39364907145500183
1551 5.027592658996582 0.4174114167690277
938 8.161833763122559 0.0
568 0.0 0.3986828029155731
569 0.8706441521644592 3.339294195175171
459 4.531373977661133 3.089660882949829
1024 1.2947657108306885 0.0
71 3.587268590927124 3.9275805950164795
145 0.6492670178413391 0.4890061914920807
927 0.3293934464454651 0.0
874 0.12581895291805267 0.0
1271 0.37883737683296204 0.0
1284 0.13401135802268982 0.0
1324 0.12899675965309143 0.0
1774 0.6482864022254944 1.2841585874557495
1387 0.8887895345687866 0.6496938467025757
2353 3.6002936363220215 2.585160493850708
351 5.110383987426758 3.2155354022979736
4 10.08295726776123 5.937694072723389
1 6.024905204772949 3.3282253742218018
5 9.719595909118652 5.4466071128845215
1527 9.306376457214355 5.450928211212158
2224 2.8891441822052 1.6198970079421997
2090 2.8379712104797363 1.6824951171875
2292 2.847363233566284 1.5931693315505981
2295 3.035438299179077 1.630515694618225
1679 0.5616181492805481 0.3757718801498413
21 0.3263547420501709 0.17082983255386353
398 2.356126308441162 3.766007900238037
423 0.39457061886787415 0.0
441 0.4287080764770508 0.0
1897 0.6701502799987793 0.2724156081676483
477 0.4969034194946289 0.0
2364 6.004998207092285 4.235531330108643
407 0.6535645723342896 0.44757845997810364
1756 0.3987151086330414 0.23074913024902344
1203 0.36420854926109314 0.25390055775642395
1011 2.061371088027954 0.46006253361701965
1655 0.5988491177558899 0.3857273459434509
1650 0.5784861445426941 0.3599216639995575
1382 0.2731587886810303 0.21944810450077057
24 1.9824602603912354 3.861999750137329
1628 16.748071670532227 8.487799644470215
2104 4.506260395050049 3.1453871726989746
190 0.0 0.23408976197242737
717 2.1686370372772217 0.0651732012629509
307 4.341333389282227 0.023568354547023773
821 2.9370083808898926 0.0
2131 2.415839910507202 0.0
195 2.388061761856079 0.12408044189214706
87 1.3032368421554565 2.39861798286438
413 3.4549262523651123 3.852503538131714
2244 0.667245090007782 0.4828983247280121
1186 0.5142899751663208 0.36229756474494934
357 3.5642683506011963 5.5605058670043945
358 3.898317575454712 5.984978199005127
370 3.1026127338409424 4.7795867919921875
684 0.4907526969909668 0.32520973682403564
730 1.1770552396774292 2.253986120223999
363 1.2108516693115234 2.3140416145324707
1361 0.33028605580329895 0.0
1099 0.0 0.0
1602 2.1701037883758545 4.02524995803833
473 1.894582986831665 3.909708023071289
979 0.4806084930896759 0.31607574224472046
1191 0.13590587675571442 0.0
970 8.871201515197754 3.7877771854400635
2340 1.785327434539795 0.6924538016319275
2144 0.12448397278785706 0.0
1644 0.6701998114585876 0.4999629259109497
859 9.601563453674316 7.657564163208008
1618 0.9068307876586914 0.41288188099861145
572 2.1910252571105957 4.0290913581848145
770 1.502921223640442 1.0315792560577393
207 2.99414324760437 1.0638915300369263
1668 9.356608390808105 6.6168365478515625
1649 8.121310234069824 5.703906536102295
1681 9.822489738464355 7.082043647766113
2321 8.420098304748535 4.2877349853515625
570 2.4369142055511475 4.081263065338135
129 2.8795948028564453 2.947925329208374
1554 0.8828598856925964 0.24939677119255066
1617 0.8064572811126709 0.0
1625 0.8179415464401245 0.0
1682 0.7205134630203247 0.0
1396 0.7213858366012573 4.15878438949585
360 1.4323304891586304 3.32545804977417
191 0.5997813940048218 0.38609737157821655
1269 2.0603740215301514 0.804399311542511
1165 0.4271427392959595 0.4127030372619629
1042 0.5611202120780945 0.4118192195892334
1163 0.3139096796512604 0.3100360035896301
1370 2.1241767406463623 0.8382595181465149
991 0.6087977886199951 0.3795640170574188
332 2.0753464698791504 0.7922053933143616
484 4.596207618713379 1.086362600326538
1395 0.17210865020751953 0.0
261 0.14036619663238525 0.0
353 0.5973720550537109 0.4995804727077484
1633 0.7903614640235901 0.0
1683 0.7010282278060913 0.0
1844 0.12166773527860641 0.0
748 0.0 0.01728547364473343
1426 1.4626537561416626 3.2389259338378906
1851 2.1596977710723877 0.9720366597175598
2098 3.1460015773773193 3.233928918838501
57 2.7324116230010986 2.9284512996673584
97 3.1068766117095947 3.487337350845337
527 1.3380818367004395 2.3526666164398193
1237 0.23546943068504333 0.009621933102607727
657 1.948219895362854 0.27069154381752014
681 0.7317113876342773 0.44853153824806213
422 0.4774044454097748 0.0
738 3.626641035079956 4.049963474273682
465 3.3298497200012207 3.684795618057251
1087 0.13189351558685303 0.0
1409 3.388015031814575 7.19600772857666
2023 1.1627717018127441 0.0
1978 1.0094797611236572 0.0
2021 0.5616790652275085 0.0
981 1.0466142892837524 0.6130635738372803
919 0.13225698471069336 0.0
335 0.9704054594039917 0.7510821223258972
1529 1.9476839303970337 1.0861283540725708
383 2.3447721004486084 3.768826723098755
56 3.787917375564575 4.254942417144775
378 1.287966251373291 1.7709418535232544
384 3.3465983867645264 3.9127912521362305
309 2.065389633178711 0.23452907800674438
1046 1.2930634021759033 1.6631377935409546
2028 3.387157917022705 3.8000833988189697
1141 1.4496145248413086 0.9237362742424011
2063 0.22072726488113403 0.0
2070 0.32569268345832825 0.36867859959602356
1280 0.6124181151390076 0.411800742149353
123 0.7858631610870361 0.4851115643978119
463 6.300352096557617 0.32027044892311096
511 0.6213878393173218 0.3901595175266266
2365 2.493438243865967 0.7435563802719116
2008 0.12146714329719543 0.0
1197 2.634239912033081 1.2022894620895386
905 1.0029900074005127 1.456825613975525
19 0.09451190382242203 0.0
20 3.369987726211548 3.9097230434417725
787 6.756656646728516 0.7954751253128052
795 6.252220153808594 0.5807024240493774
766 1.3226020336151123 0.5396953225135803
705 1.3435709476470947 0.5591252446174622
729 1.3365018367767334 0.570081353187561
774 0.1015859842300415 0.07042953372001648
751 1.3313860893249512 0.6010122895240784
803 1.3687639236450195 0.5602256059646606
829 0.152092844247818 0.14827093482017517
711 1.3249566555023193 0.487108439207077
2186 2.7778661251068115 2.586704969406128
2087 3.182865619659424 3.050743818283081
2123 0.6919358968734741 0.45302626490592957
2116 3.16888689994812 2.8894622325897217
2122 1.9516651630401611 2.0624899864196777
2127 2.440969467163086 2.1096675395965576
2132 3.112252712249756 2.830817699432373
2133 3.42130184173584 3.270404815673828
2136 1.7350794076919556 1.4073421955108643
2138 0.7136863470077515 0.44738608598709106
2140 2.794651746749878 2.5964043140411377
2142 2.8179829120635986 2.683358669281006
2143 2.90606427192688 2.790620803833008
2198 2.963536024093628 2.8637192249298096
2206 0.461066335439682 0.3529079258441925
2213 0.5959669947624207 0.4438604712486267
2218 1.9113452434539795 2.0537707805633545
2231 3.1782963275909424 2.8978631496429443
2240 3.1782963275909424 2.8978631496429443
2270 2.908318042755127 2.783902168273926
1277 0.541325032711029 0.3911497890949249
2233 0.8629469275474548 0.68227219581604
2176 0.08665300160646439 0.0
2236 0.28891146183013916 0.31044626235961914
2237 1.207183599472046 2.2383055686950684
2239 1.2365200519561768 2.311262845993042
2241 1.2358695268630981 2.3143885135650635
2243 0.16057679057121277 0.0
986 1.9357926845550537 0.31587955355644226
299 0.09079346060752869 0.0
2371 0.4428121745586395 0.30617716908454895
268 3.904249906539917 2.6353812217712402
81 0.5116902589797974 0.49902427196502686
365 0.17414182424545288 0.0
804 0.8252384662628174 0.2684669494628906
2374 0.13707536458969116 0.0883483812212944
2097 3.046329975128174 2.9340341091156006
2100 2.713362455368042 2.601942539215088
2274 0.5530181527137756 0.3192770183086395
470 0.0 0.0
2390 3.4501824378967285 2.494589328765869
95 3.427769184112549 3.910693407058716
937 0.10689838230609894 0.0
661 0.4873519539833069 0.2717134654521942
1166 0.9562047719955444 0.5498754978179932
2057 1.2624930143356323 2.3489198684692383
1164 3.533836603164673 4.0608625411987305
1114 0.5903058052062988 0.4881650507450104
1180 0.0 0.2518214285373688
1045 0.12680187821388245 0.0
1106 0.27478569746017456 0.237325519323349
1081 0.10247212648391724 0.0
103 1.1420369148254395 2.272446393966675
987 0.6053334474563599 0.483206182718277
2119 0.05282343178987503 0.0
2235 0.15211451053619385 0.0
790 2.591569662094116 0.0
791 2.126673460006714 0.2645995318889618
1544 0.0 0.0
1825 0.0 0.0
1739 0.6913384199142456 0.4575144350528717
1794 0.0 0.0
1735 0.0 0.0
1835 0.5528107285499573 0.3385681211948395
1852 0.0 0.0
1499 0.563309371471405 0.3552548885345459
2191 3.4159717559814453 3.620194673538208
2283 0.3569548726081848 0.2214568555355072
1073 1.3332041501998901 0.0
592 0.0 0.4285371005535126
135 1.5338025093078613 0.1224040538072586
1190 1.4358148574829102 0.0
870 1.0189406871795654 0.585148274898529
1780 0.0 0.029112666845321655
1849 0.5897760391235352 1.998234510421753
1838 0.0 2.2190191745758057
1066 0.1426488757133484 0.0
2391 0.11308402568101883 0.0
2398 1.1727333068847656 2.249162197113037
2400 0.4736841320991516 0.3081163465976715
704 0.2536831796169281 0.20143112540245056
1532 0.5562127232551575 1.006380319595337
1315 0.0 0.24654415249824524
1335 0.10806099325418472 0.0
1384 0.17041775584220886 0.1520901620388031
622 1.483105182647705 3.3929049968719482
699 7.114182472229004 3.368563413619995
1101 0.6222743391990662 0.4888840913772583
1136 0.3557199537754059 0.27098336815834045
1040 6.265902519226074 2.210909605026245
1048 0.12609297037124634 0.0
988 2.2225735187530518 0.6529213190078735
1232 0.3485536277294159 0.0
1258 0.3170582950115204 0.0
1278 0.35302162170410156 0.0
1356 0.3496188819408417 0.0
1360 0.35293737053871155 0.0
2058 0.3747763931751251 0.0
1090 0.4956206679344177 0.32553601264953613
1665 4.385383129119873 3.074578285217285
1606 12.564925193786621 7.876819133758545
1612 8.453290939331055 5.94908332824707
125 0.28553712368011475 0.222507506608963
128 0.2907470762729645 0.0
1692 1.1881170272827148 2.248896837234497
1693 1.188293695449829 2.250441789627075
1381 0.3457798957824707 0.27918848395347595
1349 0.49767646193504333 0.2838115096092224
1375 2.0495448112487793 0.8477672338485718
998 0.6867252588272095 0.641482949256897
417 0.6435726881027222 0.0
1918 3.569354295730591 1.2296642065048218
1245 0.29274842143058777 0.0
1353 0.45603418350219727 0.3720261752605438
1266 0.10289299488067627 0.0
900 0.0 0.0
728 0.11926234513521194 0.0
1758 0.4505535364151001 0.33720695972442627
1341 0.9061932563781738 0.6571301221847534
1800 2.3166515827178955 0.6943515539169312
1823 3.67572021484375 4.040276527404785
1837 3.548204183578491 3.881826639175415
1816 3.565140724182129 3.8495190143585205
1784 0.12648531794548035 0.0
1868 3.500645637512207 3.80883526802063
1733 3.463376760482788 3.8138415813446045
1846 3.4860785007476807 3.816650152206421
1873 3.485166311264038 3.8798768520355225
1874 3.498114824295044 3.8454458713531494
1878 0.5452448725700378 0.3843868672847748
1802 3.5446646213531494 3.844698905944824
1803 3.481607675552368 3.8391833305358887
1782 3.515371322631836 3.8549935817718506
1781 3.606344223022461 3.988312005996704
1779 3.5368812084198 3.8594374656677246
1812 3.4882633686065674 3.8648085594177246
1721 3.527132749557495 3.84419584274292
2096 2.9669435024261475 1.5947561264038086
2242 2.641472816467285 1.8054393529891968
2294 3.0357654094696045 1.5745173692703247
112 0.11673233658075333 0.0
1201 0.0 0.2244662642478943
1097 0.09317169338464737 0.0
1282 0.0972636267542839 0.0
2394 0.19965246319770813 0.16697053611278534
2399 0.39107072353363037 0.2369668185710907
2065 3.3812308311462402 3.753455877304077
1990 0.41531968116760254 0.3866572082042694
2045 0.5983177423477173 0.3283948004245758
2025 0.22503390908241272 0.0
1895 3.5891623497009277 3.940903425216675
387 0.8632332682609558 1.6739085912704468
923 0.3222113847732544 0.0
1029 0.5188109278678894 0.34830984473228455
528 2.626112461090088 1.2020726203918457
1359 0.5639243721961975 0.35771888494491577
2107 1.0788509845733643 0.5948318243026733
2117 0.41327813267707825 0.4111872613430023
2287 1.2162755727767944 2.1928250789642334
253 0.10719645768404007 0.0
259 0.10798274725675583 0.0
336 0.9821759462356567 0.5116202235221863
450 0.2772853970527649 0.2855853736400604
855 0.0752115473151207 0.0
456 0.6673628687858582 0.37548503279685974
439 0.2999612092971802 0.3495437204837799
501 0.5141407251358032 0.32098567485809326
1586 0.41937509179115295 0.25430023670196533
2337 0.13316665589809418 0.026466980576515198
1622 8.520123481750488 3.731076955795288
2384 6.357419967651367 2.950181722640991
1268 0.49179208278656006 1.4279801845550537
903 2.4609429836273193 0.639670193195343
969 0.5177829265594482 0.3444773852825165
1623 8.388035774230957 3.702768325805664
737 0.5749073624610901 0.968640923500061
1050 0.1919144093990326 0.21664941310882568
1092 0.44361937046051025 0.30733487010002136
1085 0.055806443095207214 0.030135586857795715
1158 0.07662999629974365 0.0
258 0.38289153575897217 0.0
1604 0.7266594171524048 0.0
1596 0.6913384199142456 0.4575144350528717
1150 0.5165904760360718 0.34013381600379944
17 3.408975839614868 3.96943736076355
174 1.3747236728668213 0.9212591648101807
28 3.416282892227173 3.843970775604248
141 3.4141366481781006 3.9678735733032227
1870 2.0790939331054688 2.541889190673828
215 2.461557149887085 0.38134655356407166
1885 3.144853353500366 3.5112245082855225
869 0.6059619188308716 0.0
1222 0.47340425848960876 0.31157323718070984
1198 0.053382158279418945 0.0
1015 0.6071114540100098 0.40839093923568726
539 0.6779552102088928 0.4883842468261719
1814 0.3358873128890991 0.22454628348350525
1888 0.3358873128890991 0.22454628348350525
523 2.826233148574829 1.1969964504241943
1642 1.1788475513458252 2.270207643508911
847 0.5570253729820251 0.3468618094921112
843 0.5671250820159912 0.3583955764770508
517 0.9118058085441589 0.643344521522522
488 0.12280181795358658 0.0
303 0.8434728980064392 0.5209928154945374
1754 3.51139497756958 3.731900453567505
1332 0.10234387964010239 0.0
1354 0.10875523090362549 0.0
1290 0.10462962836027145 0.0
926 0.0 0.0
886 0.0 0.0
896 0.0 0.0
911 0.0 0.0
928 0.0 0.0
1000 0.0 0.0
447 0.6055908203125 0.42540332674980164
2048 0.5560904741287231 0.0
898 0.4486282467842102 0.3559022843837738
2357 0.8641563057899475 0.3354856073856354
2031 0.5484562516212463 0.21671989560127258
1067 2.1489198207855225 3.976362705230713
1021 0.5040717720985413 0.356757789850235
469 2.3872034549713135 0.4642646908760071
908 2.132331371307373 0.7243622541427612
2 0.10402577370405197 0.0
7 6.696971893310547 4.895463466644287
2401 2.072350025177002 4.005475044250488
2402 0.022081367671489716 0.0
8 0.9634154438972473 0.6773548722267151
9 3.6649014949798584 3.8545539379119873
2017 0.37848398089408875 0.0
2034 3.3804078102111816 3.7199337482452393
2054 0.14830471575260162 0.0
764 4.947170257568359 0.5994112491607666
812 0.6952989101409912 0.3354267477989197
995 0.9041646718978882 0.6579607725143433
1773 0.0 2.064525604248047
1788 0.0 1.8546099662780762
1841 0.30189821124076843 1.6235474348068237
1737 0.0 2.185281991958618
2026 0.10646902769804001 0.0
2027 0.06020549312233925 0.0
1690 0.42386770248413086 1.5352349281311035
1875 0.6512970924377441 1.9328290224075317
1608 12.675196647644043 9.264270782470703
275 1.3101757764816284 0.9301935434341431
293 0.6519579291343689 0.44795459508895874
1358 0.10484656691551208 0.0
1236 0.12923960387706757 0.0
1265 3.493244171142578 1.2317044734954834
1270 0.1026378720998764 0.0
1291 0.12695112824440002 0.0
1337 1.044792652130127 0.5918731689453125
1338 3.574580192565918 1.246396541595459
1374 3.5817673206329346 3.9789466857910156
1725 1.2444201707839966 1.6990350484848022
782 0.9146974086761475 0.6448327302932739
1242 0.561671793460846 1.0095162391662598
1307 0.2841384708881378 0.0
1959 0.39566195011138916 0.0
209 0.7148594856262207 0.4990663230419159
1263 1.1716632843017578 2.2852537631988525
333 5.511945724487305 1.8624589443206787
992 9.682903289794922 3.241661548614502
620 0.8514007329940796 3.2308099269866943
2185 0.5262653827667236 0.9853733777999878
2086 0.3631633520126343 0.2682652175426483
2146 0.0 0.0
1030 2.1966166496276855 2.6988484859466553
1862 0.3198740482330322 1.6139277219772339
200 0.10035102814435959 0.0
1514 0.10154665261507034 0.0
1389 0.10588731616735458 0.0
270 3.602182149887085 2.490255117416382
285 3.5000219345092773 2.4509456157684326
2403 3.5697481632232666 2.5029397010803223
271 3.9288692474365234 2.3765082359313965
894 0.3384341895580292 0.0
997 0.5831734538078308 0.3645757734775543
2349 0.6122331023216248 0.42138317227363586
1224 0.1516985297203064 0.0
1227 0.06106272339820862 0.0
1228 0.13750489056110382 0.0
1253 0.1416575312614441 0.0
1313 0.030865155160427094 0.0
1320 0.10959798097610474 0.0
1376 0.07974648475646973 0.0
2194 4.4791107177734375 2.8795769214630127
164 2.252368688583374 2.7202680110931396
541 0.0 0.7311816811561584
354 0.0 0.2906585931777954
83 0.24355819821357727 0.1846168339252472
446 0.0 0.0
291 0.4033970832824707 0.26440906524658203
278 0.0 0.0
366 3.358769655227661 3.813469171524048
480 1.1969718933105469 0.7004907131195068
180 1.2130417823791504 0.7098156213760376
1553 0.7022141814231873 0.35030150413513184
2092 1.2255396842956543 2.1682422161102295
2272 1.315159559249878 1.7769287824630737
2275 1.1679447889328003 2.265277147293091
2383 1.0088285207748413 0.5399890542030334
263 0.5645641088485718 0.3927418291568756
2319 0.5094079375267029 0.43615707755088806
2298 2.1272594928741455 1.5368601083755493
2290 2.7579944133758545 1.2398507595062256
54 1.8980032205581665 0.17572280764579773
2067 0.571688711643219 0.36612948775291443
22 1.221652865409851 0.6943144798278809
114 2.2221410274505615 0.39360472559928894
44 1.029281735420227 0.68012535572052
1249 0.5092810392379761 0.35845592617988586
1241 0.11811269074678421 0.0
1216 0.0 0.21752318739891052
1348 3.615420341491699 4.007452011108398
148 3.8154661655426025 4.166095733642578
189 3.052765369415283 3.2366039752960205
178 1.234576940536499 0.901962161064148
507 3.3478522300720215 3.7046172618865967
1292 0.1989785134792328 0.0
2247 1.2836908102035522 1.9148011207580566
2267 1.1675854921340942 2.240144968032837
2305 1.2850569486618042 1.961143970489502
1327 1.9389086961746216 0.7926628589630127
660 2.210645914077759 3.7353498935699463
2204 1.6850289106369019 1.991686463356018
2222 1.3314257860183716 2.1836795806884766
2192 1.853581190109253 0.8988065719604492
2195 4.519125938415527 2.4128170013427734
211 1.404639482498169 0.9300498962402344
187 0.5199692845344543 0.34856635332107544
1605 1.9246501922607422 1.0474025011062622
149 1.1748460531234741 0.8577704429626465
1169 0.2457813024520874 0.0
1824 0.49071812629699707 1.4409453868865967
963 2.3332483768463135 0.675400972366333
1979 1.0768280029296875 0.0
2022 0.5472941398620605 0.0
1295 0.11096823215484619 0.0
1086 0.13975399732589722 0.0
904 5.121147155761719 2.7666728496551514
2040 0.0 0.0
2041 0.0 0.0
2042 0.0 0.0
2043 0.0 0.0
2053 0.0 0.0
2072 0.0 0.0
1882 0.0 2.1961824893951416
891 0.3475101590156555 0.0
1886 0.11605609208345413 0.0
2355 0.5711175203323364 0.4064141809940338
120 3.3787553310394287 3.864258050918579
619 1.2262564897537231 0.6404809951782227
1656 2.0036590099334717 0.766637921333313
345 2.9589145183563232 3.3654699325561523
53 1.447693943977356 0.9396629333496094
1503 0.5940330028533936 0.42024528980255127
1528 0.5359527468681335 0.3927808701992035
1533 5.486098289489746 3.8167998790740967
1538 0.6127208471298218 0.4562714993953705
1537 0.0350833460688591 0.0
468 0.6913384199142456 0.4575144350528717
850 0.22074958682060242 0.0
2150 1.3170080184936523 2.2119510173797607
824 0.9198144674301147 0.6823557019233704
954 0.4546719193458557 0.2639427185058594
127 2.2784457206726074 0.6269120573997498
1582 0.3034104108810425 0.15713202953338623
230 2.97794246673584 2.2947678565979004
857 0.7132567763328552 0.48724788427352905
1076 0.9966004490852356 0.6691216230392456
330 0.3601943254470825 0.2806384265422821
1154 0.0 0.0
1079 0.08799117803573608 0.0
1151 0.10430435091257095 0.0
1078 0.5542107224464417 0.37362274527549744
941 1.196258306503296 2.2485568523406982
1791 0.34352660179138184 2.0610744953155518
664 0.24039813876152039 0.0
2238 2.661094903945923 2.0401463508605957
1124 0.6995997428894043 0.49037158489227295
2304 0.5196629166603088 0.35756751894950867
2279 1.2479426860809326 1.9098328351974487
884 0.3093954622745514 0.0
771 1.4791991710662842 0.6160198450088501
1020 0.5326265096664429 1.002028226852417
1012 1.2968765497207642 0.6130418181419373
1927 0.10531864315271378 0.0
205 0.10531864315271378 0.0
912 0.6760828495025635 0.39943790435791016
1233 1.7431477308273315 0.6714332699775696
1343 0.0 0.0
2076 0.2135545015335083 0.15911069512367249
424 0.408744752407074 0.0
1724 0.6928381323814392 0.5948357582092285
608 0.0 1.0612690448760986
546 0.0 0.529670774936676
555 0.0 0.9996082782745361
559 0.0 0.682462215423584
581 0.0 0.9717069864273071
582 0.0 1.0729234218597412
583 0.0 0.7824748754501343
584 0.0 0.6234525442123413
588 0.0 0.9039976596832275
589 0.0 0.8997098207473755
590 0.0 0.995202898979187
596 0.0 0.8998470306396484
601 0.0 0.8958537578582764
640 0.2727084755897522 0.24344965815544128
553 0.0 0.6532599329948425
594 0.3586868941783905 1.0066008567810059
706 0.0 0.0
731 0.7981288433074951 0.43169668316841125
2181 1.026315689086914 0.5834610462188721
881 2.266644239425659 0.6482012271881104
1983 1.3989946842193604 0.3028378486633301
2004 1.4270480871200562 0.2598854601383209
920 1.39656400680542 0.3414171636104584
2014 3.85431170463562 3.652660846710205
2015 1.4645557403564453 0.0
1262 4.306159019470215 1.4138113260269165
2016 1.6816127300262451 0.4740128219127655
2033 1.552355170249939 0.15870413184165955
1156 0.1259981095790863 0.0
921 1.3700940608978271 0.28815311193466187
111 2.9411051273345947 3.2067151069641113
170 1.1720373630523682 1.8846238851547241
1153 0.0 0.0
1043 0.0 0.0
1152 0.0 0.0
2035 0.023397009819746017 0.0
2036 0.10965505987405777 0.0
2037 0.11450573056936264 0.0
1669 5.338257789611816 3.7018303871154785
1657 11.559069633483887 7.782634735107422
331 0.6913384199142456 0.4575144350528717
745 8.103283882141113 0.0
96 1.1675206422805786 2.206483840942383
842 2.2157845497131348 0.156328022480011
490 0.5957624316215515 0.0
2317 0.09395390003919601 0.0
352 0.12619024515151978 0.0
1488 2.1218655109405518 0.7159652709960938
1487 0.60540771484375 0.43047988414764404
1506 0.5389267206192017 0.3030606508255005
735 0.530974268913269 0.9742367267608643
1500 0.5225767493247986 0.2959192395210266
678 2.442004919052124 0.44089773297309875
683 0.7387396097183228 0.40067794919013977
2268 0.11128772050142288 0.0
564 0.0 0.5705551505088806
566 0.0 0.6601666212081909
578 0.4104836583137512 0.3119558095932007
586 0.0 0.48500028252601624
631 0.0 0.606804370880127
639 0.40215790271759033 0.9618794918060303
1032 0.10360563546419144 0.0
203 0.361355185508728 0.2663310468196869
1577 1.1690587997436523 2.271613121032715
653 3.300248861312866 3.768841028213501
1088 0.31254175305366516 0.0
1297 0.3275115489959717 0.21583378314971924
59 1.3800861835479736 0.9073896408081055
1171 1.4117121696472168 0.9151676893234253
629 0.0 0.30810508131980896
633 0.3645381033420563 0.27237915992736816
1091 0.6344860792160034 0.4926932752132416
455 0.3663622736930847 0.23580330610275269
513 0.25035977363586426 0.1625053584575653
530 0.29748421907424927 0.2116468846797943
1676 1.2998130321502686 0.8293335437774658
2157 0.9083572626113892 0.45569857954978943
1652 0.3801310062408447 0.24543845653533936
1309 0.6760828495025635 0.39943790435791016
1965 4.7900614738464355 2.890831708908081
1893 0.7006413340568542 0.47984495759010315
1899 0.451275110244751 1.5637013912200928
1696 2.0428805351257324 0.8301697969436646
1820 0.5815206170082092 0.40954670310020447
1858 0.6213774085044861 0.39857399463653564
1584 9.065095901489258 6.409368991851807
574 2.8496487140655518 4.45285177230835
156 1.1998733282089233 2.3587067127227783
1789 0.0 1.9687005281448364
169 0.13589966297149658 0.0
1972 0.23467478156089783 0.007439732551574707
773 0.5436246395111084 0.37919116020202637
508 0.6702091693878174 0.0
769 0.460170716047287 0.3502613604068756
2396 0.12300200015306473 0.0
2397 8.568806648254395 1.2999147176742554
1941 0.6760828495025635 0.39943790435791016
1240 3.5009305477142334 3.859571695327759
1329 0.3899165987968445 0.2490551471710205
862 1.6112265586853027 1.0877001285552979
1054 0.0 0.0
1070 3.474388360977173 1.2168607711791992
2029 0.10284631699323654 0.0
953 0.5742660760879517 0.3661421239376068
1161 0.2838557958602905 0.0
1084 0.0 0.21658740937709808
2099 2.8094396591186523 3.1558191776275635
1098 0.22605758905410767 0.17530357837677002
1489 0.5695971846580505 0.3928837478160858
1546 0.465960830450058 0.2747851014137268
835 3.41068172454834 3.833197832107544
150 3.5648701190948486 4.048182487487793
2320 5.509599208831787 1.464410424232483
1857 7.473841190338135 1.3615703582763672
956 0.9152425527572632 0.68357253074646
1205 3.1053965091705322 3.481379270553589
1926 0.5852341651916504 0.41690266132354736
1923 0.3037729859352112 0.20363998413085938
339 0.49380242824554443 1.446880578994751
311 0.7010082006454468 0.43158382177352905
2201 1.2598471641540527 0.6397596597671509
2075 3.3931071758270264 3.7391273975372314
665 3.772512674331665 4.745439529418945
1866 0.5053492784500122 1.4315212965011597
1214 2.045480251312256 0.8279147148132324
1317 2.0341436862945557 0.8442269563674927
1761 0.5770578384399414 1.9852560758590698
452 0.9198144674301147 0.6823557019233704
2084 0.6153881549835205 0.4625498354434967
1672 5.786774635314941 2.748595714569092
1670 5.980257034301758 2.671595335006714
404 1.0528326034545898 1.8447562456130981
1798 1.9628485441207886 0.734196662902832
1861 0.5312045812606812 0.33104801177978516
809 0.41993701457977295 0.26983463764190674
834 0.47120821475982666 0.29094213247299194
1723 0.16295889019966125 0.0
1843 0.35984867811203003 0.0
2007 0.7225733995437622 3.792410373687744
1811 0.0 0.0
1138 3.4539637565612793 3.845167875289917
1125 0.2995416522026062 0.0
2078 0.3403984606266022 0.23273012042045593
2245 1.1869477033615112 2.256676435470581
2193 1.264694094657898 0.8553740978240967
2080 0.5428605675697327 0.36502698063850403
2124 0.45521312952041626 0.25497135519981384
2254 0.9400479197502136 1.0969549417495728
1817 0.3262145519256592 1.630999207496643
1757 0.3512640595436096 1.519182801246643
1052 0.5100964903831482 0.0
693 0.5633026957511902 0.3769173324108124
1251 3.5320956707000732 3.8900153636932373
1246 3.5116159915924072 3.922269105911255
1274 3.41475510597229 3.7992560863494873
1312 3.5026824474334717 3.856502056121826
1319 3.4147989749908447 3.7660183906555176
171 3.6564533710479736 4.118128299713135
147 3.360193967819214 3.844378709793091
151 2.11637806892395 0.4675489366054535
165 2.1014821529388428 0.4768819808959961
182 3.361738920211792 3.843376874923706
188 3.2950572967529297 3.794907569885254
1286 0.10154414921998978 0.0
1378 0.35414767265319824 0.0
1039 0.48613882064819336 0.4007517695426941
2172 2.4986088275909424 1.914998173713684
1399 1.2789591550827026 3.233459711074829
1916 0.30047959089279175 0.42098769545555115
214 0.7407822012901306 0.5634298324584961
238 2.2635653018951416 3.696658134460449
1463 1.812193751335144 2.681288719177246
1206 0.49546459317207336 0.33983945846557617
1041 0.6760828495025635 0.39943790435791016
1415 5.2434844970703125 8.933351516723633
924 2.1872005462646484 0.7403973937034607
256 0.41118448972702026 0.3237977921962738
350 0.507896900177002 0.38123658299446106
199 0.4297286868095398 0.3336460590362549
1120 0.16064825654029846 0.0
1231 3.357560873031616 1.142919659614563
1345 0.4615377187728882 0.37928447127342224
1495 0.34362757205963135 0.23655584454536438
1512 0.4412160813808441 0.24173101782798767
1521 0.3079800307750702 0.16860002279281616
1880 0.6722466349601746 2.0078516006469727
1620 0.3278188705444336 0.334838330745697
2369 6.218770980834961 2.1387317180633545
2380 0.6913384199142456 0.4575144350528717
343 0.10454245656728745 0.0
1769 0.0 0.0
1830 0.6391236782073975 0.43355104327201843
1220 0.5355157852172852 0.34515661001205444
2011 0.3740066587924957 0.0
2012 0.14126649498939514 0.0
2051 0.3780553638935089 0.0
2038 0.5445513725280762 0.40388771891593933
806 1.3002989292144775 0.5260390639305115
1371 0.12578177452087402 0.0
1379 0.43589723110198975 0.36205074191093445
1519 0.4666506350040436 0.32170194387435913
1994 0.5117629766464233 0.3777301013469696
1787 0.0 2.110050678253174
1058 0.4514887034893036 0.3982585668563843
1121 0.4298596680164337 0.3603568971157074
844 0.49285006523132324 0.3806707561016083
93 2.920872449874878 3.296776056289673
131 0.48526260256767273 0.3148643672466278
1221 2.4535067081451416 0.0
2169 3.344641923904419 2.360297441482544
649 0.5533360838890076 0.3956681191921234
2105 1.0804390907287598 0.5651081204414368
2110 4.941983222961426 3.0204050540924072
2141 0.10606037080287933 0.0
573 0.49571630358695984 0.3807204067707062
575 3.681309938430786 5.492194652557373
2103 0.4578886032104492 0.27603641152381897
571 3.50042986869812 5.005764484405518
1821 0.6581463813781738 0.37510553002357483
2360 0.6186696887016296 0.35029134154319763
1667 2.1563684940338135 2.644710063934326
989 1.1756436824798584 2.25392746925354
1971 0.15154379606246948 0.0
1741 1.0649935007095337 1.9138144254684448
1930 0.10625684261322021 0.0
1931 0.46688932180404663 0.3665623962879181
1932 0.1128988191485405 0.0
2386 5.4416656494140625 3.3337957859039307
132 1.1876760721206665 2.2170121669769287
1828 0.522619903087616 1.4431661367416382
379 0.3628740906715393 0.29171010851860046
453 0.5214629173278809 0.46949610114097595
2081 2.5970680713653564 0.47113537788391113
279 3.3851523399353027 1.0873700380325317
1928 0.4661949872970581 0.2300628125667572
1973 1.1722856760025024 2.2082479000091553
1377 1.185347557067871 2.238673686981201
1526 0.0 0.006235398352146149
431 0.3129750192165375 0.23283565044403076
2359 0.5039094090461731 0.34771302342414856
744 1.5831549167633057 1.0172125101089478
1967 2.1420300006866455 4.01743221282959
1806 0.7186107635498047 0.4375673532485962
2325 0.5689319968223572 0.2837728261947632
321 0.43049970269203186 0.3565147817134857
329 0.2697378993034363 0.15197446942329407
831 0.1752590835094452 0.0
1543 0.2511191964149475 0.13702937960624695
677 0.524756908416748 0.5441909432411194
542 0.0 0.6527286767959595
552 0.0 0.5355260968208313
554 0.0 0.29381898045539856
557 0.0 0.6091446876525879
1014 0.5314877033233643 0.4139311611652374
545 0.40970858931541443 0.9625389575958252
591 0.0 0.475536972284317
605 0.0 0.5327868461608887
634 0.12054535001516342 0.0
638 0.0 0.2883511781692505
1836 0.5889586210250854 0.438313752412796
1920 0.086358442902565 0.0
1921 0.08300303667783737 0.0
1961 0.08215770870447159 0.0
1966 1.1880748271942139 2.2539174556732178
822 0.6011613011360168 0.36398932337760925
2115 0.3759405016899109 0.29881975054740906
1675 0.34996113181114197 0.22444838285446167
1287 0.3227245509624481 0.0
965 1.2859156131744385 1.7033873796463013
2251 2.4676167964935303 1.1545295715332031
1854 0.5308764576911926 0.46112045645713806
1991 0.1389114260673523 0.0
1986 0.3804672360420227 0.0
1993 0.37239617109298706 0.0
1179 1.2070964574813843 2.201922655105591
1976 3.5432751178741455 1.189836025238037
1977 0.484691858291626 0.32281553745269775
412 0.8780311346054077 0.6850978136062622
1202 2.09547758102417 0.23298928141593933
815 1.351175308227539 0.48560070991516113
462 5.270667552947998 0.4225516617298126
547 0.0 0.4772052466869354
641 0.0 0.39836713671684265
1357 0.6648917198181152 0.45848944783210754
1522 0.12532909214496613 0.0
792 1.9186244010925293 1.0310033559799194
300 0.484150230884552 1.3910521268844604
689 3.512498140335083 3.889615774154663
753 0.5000619888305664 0.4027539789676666
1734 0.0 0.0
2308 0.517831563949585 0.39386096596717834
1876 1.389436960220337 0.0
1834 4.663978576660156 0.7606557011604309
1750 0.11627364903688431 0.0
707 1.2319087982177734 1.7039940357208252
727 0.3284216523170471 0.0
324 0.514811635017395 0.3713423013687134
201 2.018568277359009 0.8670080304145813
1516 0.6021812558174133 1.1666127443313599
2019 2.06656813621521 4.467164039611816
1080 1.9110219478607178 1.05997896194458
1031 0.5208106637001038 0.3991852402687073
632 0.0 0.44125595688819885
1023 1.2664539813995361 0.4987991750240326
1033 0.12517493963241577 0.0
558 0.0 0.4320509433746338
593 0.0 0.44037145376205444
598 0.0 0.3385004699230194
600 0.0 0.36381152272224426
603 0.0 0.32693225145339966
604 0.0 0.3216034770011902
606 0.0 0.31292375922203064
645 0.0 0.32829979062080383
389 0.8434951305389404 0.7758513689041138
2248 3.084324359893799 2.791426658630371
2155 0.5207668542861938 0.30458468198776245
1027 0.48961251974105835 0.3054056763648987
865 0.304492712020874 0.31645944714546204
2006 0.9040588140487671 0.36855438351631165
382 3.9256680011749268 1.2371646165847778
1112 3.4364898204803467 3.8138844966888428
176 4.738388538360596 4.226693153381348
1047 0.3548167049884796 0.0
656 2.699470281600952 3.0184953212738037
361 0.5194743275642395 0.9901551008224487
1267 0.6007511019706726 0.45942434668540955
577 0.5247746109962463 1.007526159286499
2234 2.51627254486084 3.0261433124542236
2314 3.4754979610443115 3.769958257675171
2163 3.8601925373077393 3.6578171253204346
2306 0.6913384199142456 0.4575144350528717
2216 6.756924152374268 5.4770426750183105
2202 3.448354482650757 3.3190863132476807
2189 3.398996591567993 3.6766257286071777
2180 3.8375906944274902 3.608016014099121
968 6.764355659484863 2.5883405208587646
1285 0.5087515115737915 0.3812336027622223
2376 6.021677017211914 5.1444525718688965
2392 5.002710342407227 4.426370143890381
647 0.0 0.44273051619529724
607 0.0 0.3239852488040924
506 0.538131594657898 0.3673671782016754
1915 0.52138751745224 0.981522798538208
537 1.1211811304092407 1.4423264265060425
443 1.0447291135787964 0.5127881169319153
394 1.0914000272750854 0.6533509492874146
428 1.3187503814697266 0.9371646642684937
460 0.4148082435131073 0.2754340171813965
520 1.2710226774215698 2.3307080268859863
610 0.0 0.0
1103 0.27174732089042664 0.19526560604572296
1193 0.0 0.0
1901 0.11582953482866287 0.0
767 0.5635685324668884 0.4164315164089203
2265 1.8644447326660156 1.7474186420440674
2170 2.224379301071167 1.7282217741012573
2187 2.2336270809173584 1.734937310218811
2203 2.0694310665130615 1.6274898052215576
2223 2.0693440437316895 1.6484736204147339
2230 2.1732051372528076 1.7028685808181763
2264 1.5832068920135498 1.3081899881362915
2266 2.201540946960449 1.7019654512405396
503 0.09018910676240921 0.0
281 0.09069790691137314 0.0
2077 0.5421245098114014 0.0
1199 0.5131309032440186 0.37844762206077576
2032 0.7770065069198608 0.5254073739051819
2093 1.2491905689239502 1.8182278871536255
313 0.9198144674301147 0.6823557019233704
402 0.7062221765518188 0.4506436288356781
1890 0.725577175617218 0.42182138562202454
599 0.0 0.0
316 3.452556848526001 3.8324942588806152
556 0.0 1.0172452926635742
595 0.0 0.9977030754089355
609 0.0 0.8981874585151672
611 0.0 0.9727199673652649
625 0.0 0.7172317504882812
1531 0.5742962956428528 0.9869484901428223
1939 1.1683329343795776 2.2378993034362793
2120 0.10605218261480331 0.0
1490 0.5516913533210754 0.34598204493522644
1126 0.6913384199142456 0.4575144350528717
914 2.1364080905914307 0.675398051738739
942 0.14187650382518768 0.0
945 0.23587656021118164 0.18117454648017883
1003 0.6913384199142456 0.4575144350528717
2310 4.747981071472168 4.164554595947266
2256 1.0649935007095337 1.9138144254684448
2313 5.841520309448242 4.91077184677124
2232 5.839841365814209 4.923242568969727
2050 0.40438783168792725 0.5189546346664429
2285 5.688935279846191 4.794517993927002
2228 3.0256974697113037 3.0245611667633057
888 0.2571381628513336 0.0
936 0.3040998876094818 0.198619544506073
1726 0.2833073139190674 1.5863895416259766
861 0.5224863290786743 0.4245074689388275
802 1.1901495456695557 0.5034464597702026
765 0.5264517068862915 0.9762329459190369
703 4.13676643371582 1.2981024980545044
2261 6.191888809204102 5.261378765106201
1925 3.4378738403320312 3.8116979598999023
2171 3.856119394302368 4.047199249267578
2168 3.867097854614258 2.7858998775482178
925 0.6923667192459106 0.573015034198761
2205 3.856119394302368 4.047199249267578
1763 0.3893696963787079 1.7684036493301392
2085 3.0314314365386963 2.872681140899658
1367 2.226985216140747 0.6649527549743652
976 5.354622840881348 1.6746232509613037
327 6.855196952819824 2.3000986576080322
1678 2.6766245365142822 0.7088519334793091
1889 0.488750159740448 0.40249398350715637
1743 1.960479974746704 2.46608567237854
1210 2.040900707244873 0.7987802028656006
1483 0.9198144674301147 0.6823557019233704
1194 0.12962472438812256 0.0
1144 0.12347530573606491 0.0
1856 0.0 1.9961072206497192
1200 2.122568130493164 0.6797933578491211
1218 0.3176790177822113 0.0
627 0.0 0.5523160099983215
2219 1.376603603363037 2.180570363998413
65 1.4960780143737793 0.10454311966896057
1919 0.020420648157596588 0.0
1944 0.03839298337697983 0.0
1946 0.005440555512905121 0.0
1947 0.08848543465137482 0.0
1948 0.08848543465137482 0.0
212 0.4833672344684601 0.4032231867313385
907 0.2805120646953583 0.0
1094 0.11643816530704498 0.0
1083 0.3733709454536438 0.236546128988266
1105 0.11958754062652588 0.0
1051 0.12923166155815125 0.0
1102 0.13267533481121063 0.0
813 3.482072591781616 3.8326103687286377
1347 0.13305211067199707 0.0
1380 0.13305211067199707 0.0
1275 0.13304686546325684 0.0
1192 1.5072963237762451 0.0
1204 0.5235331058502197 0.40278029441833496
1751 0.4906159043312073 0.40761110186576843
184 2.0365893840789795 2.5101680755615234
2385 1.1954536437988281 2.290682554244995
2024 0.3222110867500305 0.34136271476745605
576 0.49526354670524597 0.3998729884624481
796 1.9074428081512451 0.21253547072410583
948 2.030470609664917 0.8170421123504639
985 7.212779521942139 3.8688721656799316
971 5.894140243530273 2.8722009658813477
1740 0.4858846068382263 1.417020320892334
2217 3.3546040058135986 3.7016117572784424
875 0.49153608083724976 0.4042070508003235
1940 0.2767205536365509 0.16787809133529663
1728 0.5388525724411011 0.3693574368953705
1752 3.6638967990875244 3.977745771408081
1992 1.1669570207595825 2.2517545223236084
2052 0.48464396595954895 0.3691120445728302
2263 0.5575411915779114 0.41690412163734436
118 1.5320634841918945 0.12679684162139893
2055 3.4153988361358643 3.7727866172790527
166 2.089151382446289 0.4903850257396698
2366 0.5362347364425659 0.4623284637928009
2361 0.5530271530151367 0.43008294701576233
319 2.4363317489624023 1.1034427881240845
864 0.0 0.2220233678817749
2389 0.5074784755706787 0.9799988269805908
800 0.5644688606262207 0.29338616132736206
1755 0.14769932627677917 0.0
105 0.4925808608531952 0.4039457142353058
13 2.28780198097229 2.788940191268921
1044 0.19736197590827942 0.0
1056 0.4394013285636902 0.16721594333648682
1196 3.2871968746185303 3.5767016410827637
1988 0.5533089637756348 0.37310725450515747
1987 0.3710731267929077 0.0
1215 0.6098378896713257 0.5002620816230774
1985 3.093759536743164 1.1501622200012207
740 0.0 0.0
504 0.6783642172813416 0.0
249 0.15747669339179993 0.0
257 0.1341974437236786 0.0
2220 1.1844618320465088 2.2067930698394775
2253 1.6197336912155151 1.265865683555603
1924 0.24216678738594055 0.20354482531547546
2162 4.073417663574219 3.7853055000305176
2226 0.5038154125213623 0.31604260206222534
2151 3.613957166671753 3.4016363620758057
168 1.5373326539993286 0.1393819898366928
371 3.415217399597168 3.7729380130767822
2300 0.5317325592041016 0.9768678545951843
2301 0.5277734994888306 0.9745641946792603
2184 1.1910138130187988 2.2579970359802246
2044 0.36097997426986694 0.0
1004 0.6051213145256042 0.47026917338371277
746 0.15607887506484985 0.0
1877 0.7330590486526489 0.5408618450164795
1845 0.5208032727241516 0.47120457887649536
251 0.12624266743659973 0.036380358040332794
1524 0.4891851544380188 0.3995804786682129
1195 1.1486356258392334 2.229130983352661
1534 0.4691711366176605 0.3041960597038269
1025 0.5045327544212341 1.4403191804885864
529 0.3769233226776123 0.20060043036937714
739 0.4408761262893677 0.27064797282218933
2278 0.526921272277832 0.38972243666648865
45 0.46702855825424194 0.4315125048160553
1786 0.13312280178070068 0.0
516 0.1366521120071411 0.0
204 0.0 0.21589422225952148
1677 0.6189852952957153 0.06993890553712845
1362 0.6553472280502319 0.34294426441192627
1069 0.44065970182418823 1.5099149942398071
1068 0.6760828495025635 0.39943790435791016
1365 0.353298544883728 0.5038031339645386
2088 3.1878652572631836 3.5186784267425537
2164 0.6913384199142456 0.4575144350528717
1762 0.0 0.0
1869 0.6997848749160767 0.5924975275993347
2062 0.14952224493026733 0.0
1289 0.41116946935653687 0.28113943338394165
193 1.0831811428070068 0.6726470589637756
1181 0.3111532926559448 0.3046864867210388
1134 0.40996092557907104 0.33036935329437256
1700 2.0731654167175293 2.510363817214966
1707 2.087400436401367 2.506798267364502
1709 2.0720882415771484 2.5099973678588867
1710 2.087378740310669 2.506310224533081
858 0.10768020153045654 0.0
1898 0.08986345678567886 0.0
1273 0.48761922121047974 0.4085356295108795
163 3.2255594730377197 3.3691279888153076
1929 0.11127448827028275 0.0
1935 0.3631162941455841 0.29498767852783203
1936 0.5397070646286011 0.38645464181900024
1937 0.09608789533376694 0.013422295451164246
757 1.3785908222198486 0.547087550163269
779 1.2465485334396362 0.6027995944023132
549 0.0 0.29272741079330444
548 0.0 0.29450681805610657
597 0.0 0.29416048526763916
1942 5.619961261749268 3.415342330932617
2114 0.38675588369369507 0.38970211148262024
2111 1.1633785963058472 2.2503790855407715
2309 0.6913384199142456 0.4575144350528717
535 0.9045004844665527 0.3934464752674103
1938 0.11847022920846939 0.0
2269 7.045269966125488 5.81810998916626
1217 0.48772698640823364 0.405475914478302
1276 3.4189207553863525 3.752845525741577
144 0.5258066058158875 0.31881314516067505
80 0.0 0.0
2118 0.443139910697937 0.4004764258861542
860 5.153476715087891 0.9603259563446045
524 0.647397518157959 0.4679693877696991
652 0.2045184075832367 0.15439161658287048
1989 0.3382079005241394 0.48830464482307434
1383 0.45297127962112427 0.40802088379859924
267 0.6584943532943726 0.49548378586769104
1485 0.9136421084403992 0.6423667669296265
202 3.034120798110962 1.138427495956421
2377 1.9021196365356445 0.8633151054382324
1135 3.552828550338745 1.1850680112838745
2375 0.0 0.2289716601371765
421 0.3129750192165375 0.23283565044403076
287 1.942415714263916 0.9084509611129761
754 0.11888004094362259 0.0
1140 0.20852351188659668 0.001597866415977478
1119 0.1431945264339447 0.11347414553165436
1162 0.3023718297481537 0.2659638822078705
2255 2.065772771835327 2.545715093612671
2209 1.2238812446594238 2.2792983055114746
1613 0.5172412991523743 0.34836772084236145
2331 5.689653396606445 3.4466536045074463
621 0.0 0.5845228433609009
626 0.0 0.623156726360321
630 0.0 0.5832664370536804
637 0.0 0.5137362480163574
617 0.0 0.6765577793121338
1122 0.231662780046463 0.09007904678583145
768 0.889373779296875 0.6528449654579163
305 3.7537572383880615 2.5905401706695557
1719 0.0 0.0
1884 0.4464665651321411 0.3461824059486389
1729 0.5918655395507812 0.3464915156364441
94 3.2777507305145264 3.3660519123077393
758 1.5314900875091553 1.0275503396987915
534 1.5716519355773926 0.9786539077758789
403 1.2557847499847412 0.8590456247329712
420 1.2895796298980713 0.8801926374435425
426 1.3559402227401733 0.912196159362793
467 1.355892300605774 0.9205117225646973
1225 0.5477480292320251 0.32498952746391296
1325 2.012852430343628 0.8212748765945435
1168 0.23735955357551575 0.0
1145 0.22120308876037598 0.0
338 0.4001511037349701 0.0
783 3.268488645553589 1.193731427192688
337 0.4690686762332916 0.3399653434753418
1796 0.0 0.0
356 0.7636734247207642 0.5994588136672974
823 0.5287609696388245 0.9740275740623474
495 1.0186833143234253 0.5324453711509705
500 0.5800812244415283 0.41055259108543396
347 0.38417479395866394 0.27265092730522156
2356 1.1176599264144897 2.211775541305542
756 0.5626120567321777 1.0190569162368774
1182 0.4058302044868469 1.5372135639190674
29 3.2643423080444336 3.4870553016662598
1714 2.1016652584075928 2.5684893131256104
724 0.4818698763847351 0.4081972539424896
1568 0.6274393200874329 0.36168062686920166
853 0.9075016379356384 0.6689385771751404
295 0.9085128307342529 0.6692600250244141
208 0.5315859317779541 0.36590608954429626
646 0.0 0.4734598696231842
644 0.0 0.29684650897979736
1060 2.2823989391326904 0.6417545080184937
951 0.6913384199142456 0.4575144350528717
158 0.30513280630111694 0.4457210600376129
260 0.32933634519577026 0.0
1306 0.27595755457878113 0.0
580 0.0 0.6364573836326599
585 0.0 0.44204995036125183
478 0.7117459774017334 0.5323522686958313
587 0.0 0.5132837295532227
487 0.5013476014137268 1.4271317720413208
248 3.377727508544922 3.736130475997925
2328 0.14815375208854675 0.0
491 1.7930586338043213 0.2735007107257843
1808 2.699470281600952 3.0184953212738037
1810 0.4469883441925049 0.4348580539226532
741 1.532639980316162 1.0675612688064575
2363 1.5532512664794922 1.0628597736358643
2358 0.48138636350631714 0.38178297877311707
1511 1.0673595666885376 0.606486976146698
1822 2.0590455532073975 2.535104990005493
1809 3.4175686836242676 3.7752397060394287
2056 0.4893852472305298 0.14089208841323853
314 0.0 0.22514182329177856
1699 0.0 0.24086672067642212
265 0.6913384199142456 0.4575144350528717
958 0.41866204142570496 0.31598880887031555
712 0.5066490769386292 0.9633368253707886
719 0.4718695878982544 0.3380368947982788
1864 0.6670761108398438 0.47447195649147034
671 0.48484382033348083 0.405730277299881
2333 0.4314590096473694 0.297170490026474
2324 1.184525489807129 2.2464442253112793
2334 0.5604105591773987 0.4599393904209137
1680 1.9763374328613281 0.8052287101745605
1945 0.49879390001296997 0.403085857629776
2339 0.5476040244102478 0.45385292172431946
1187 0.14716923236846924 0.0
2229 1.3485437631607056 1.0740604400634766
1688 0.34479185938835144 1.8448827266693115
1738 5.570981025695801 3.225977897644043
74 0.5281111598014832 0.38899967074394226
294 1.9849042892456055 0.6821761131286621
1900 0.30047959089279175 0.42098769545555115
1590 0.3660321831703186 0.34455549716949463
466 0.5281761884689331 0.3717974126338959
1902 0.4557533860206604 0.33372071385383606
533 1.1014940738677979 0.603665292263031
701 2.2969632148742676 0.6427901387214661
2018 2.1922640800476074 4.031128883361816
1968 0.5879520773887634 0.4391951858997345
1969 1.3887442350387573 0.9446820616722107
1129 0.6599165201187134 0.5760166645050049
1019 0.3631303906440735 0.28514477610588074
37 3.1354880332946777 3.5511653423309326
39 3.199820041656494 3.5763297080993652
138 0.8793874979019165 0.6387202739715576
210 1.1589086055755615 2.3011717796325684
34 3.4991276264190674 3.824875593185425
36 3.5845744609832764 3.8925344944000244
1115 2.2520639896392822 0.6007633805274963
1116 0.5883944034576416 0.3714092969894409
1026 0.14832866191864014 0.0
1599 5.278703212738037 0.39145031571388245
877 0.484017014503479 0.3565687835216522
328 2.5316684246063232 3.930445909500122
2250 1.349604845046997 2.5256845951080322
2282 0.5829349756240845 0.40620893239974976
2257 1.3974614143371582 1.780044436454773
438 0.4023250341415405 0.3518655002117157
1494 0.5860275030136108 0.37451449036598206
777 1.8849093914031982 1.066169261932373
1248 0.256268173456192 0.0
1235 0.5249618887901306 0.422034353017807
863 0.0 0.24579909443855286
1212 0.09368074685335159 0.0
1256 0.09840121120214462 0.0
1322 0.7858514785766602 0.6018320322036743
685 3.687544107437134 4.09553861618042
2177 3.595510721206665 3.828833818435669
1614 1.0827295780181885 0.861149787902832
935 5.8927812576293945 0.22611448168754578
349 0.7715535163879395 0.6015095114707947
1562 1.4812262058258057 1.0340405702590942
2362 3.287966012954712 3.648529052734375
134 1.45456862449646 0.6993979811668396
830 0.604569673538208 0.42687171697616577
1839 0.4988398551940918 1.4289342164993286
297 0.7033381462097168 0.4507710635662079
1107 0.5211490988731384 0.4235478639602661
1137 0.010347254574298859 0.0
974 0.5213064551353455 0.4210861623287201
1539 0.5950980186462402 0.4590643644332886
2102 0.5927638411521912 0.4040689766407013
725 0.5469659566879272 0.3825177550315857
2196 0.5250354409217834 0.36500126123428345
2207 0.3555411398410797 0.31730806827545166
2286 0.5359517931938171 0.3743848502635956
2249 0.26353147625923157 0.22279119491577148
1570 0.465423583984375 0.37735942006111145
1578 0.5384179949760437 0.4191630184650421
1588 0.5402503609657288 0.43539196252822876
301 0.49342024326324463 0.3864007294178009
1059 0.14976727962493896 0.0
1113 0.5256533622741699 0.42116791009902954
2064 0.6512802839279175 0.5163365006446838
837 0.4653024673461914 0.412907212972641
273 0.5212517976760864 0.42254236340522766
2367 0.6760828495025635 0.39943790435791016
286 1.96012282371521 0.9302091598510742
1563 0.5222768187522888 0.4138120412826538
1581 0.808716356754303 0.535079300403595
1146 0.6993173360824585 0.6254029273986816
1148 0.5102376937866211 0.9665873050689697
380 0.5622037649154663 0.4142754375934601
2326 5.237150192260742 3.311716318130493
2335 0.4577633738517761 0.3430119752883911
1634 1.171224594116211 2.276700735092163
1801 4.184370040893555 2.576167583465576
838 4.089847087860107 0.0
1037 0.532149612903595 0.4181768596172333
312 0.5290274024009705 0.4196007549762726
38 1.0724135637283325 0.4101516902446747
1933 0.5158176422119141 0.9727734923362732
1934 0.4897471070289612 0.34471890330314636
40 3.124960422515869 3.6541996002197266
1100 0.48916321992874146 0.4355187714099884
130 0.5164622068405151 0.4219336211681366
686 0.519316554069519 0.3371621072292328
687 0.17051294445991516 0.0
785 3.356687307357788 1.172945261001587
2179 1.3189516067504883 2.1743361949920654
1049 0.0 0.0
1795 0.695874810218811 0.45785680413246155
2381 0.5039094090461731 0.34771302342414856
1579 0.6795778870582581 0.47651028633117676
892 2.0992472171783447 1.0638641119003296
879 0.856339693069458 1.0999852418899536
1260 0.5114911198616028 0.4002097547054291
913 0.3457707464694977 0.0
1386 0.6870647072792053 0.451964408159256
55 0.6101469397544861 0.5285643935203552
2368 0.6426844596862793 0.5580532550811768
698 0.9073585867881775 0.41194555163383484
871 0.16178566217422485 0.0
759 0.5349150896072388 0.4672335088253021
1793 0.22613206505775452 0.15123799443244934
2352 1.182512640953064 2.2599520683288574
369 0.6315137147903442 0.46989357471466064
579 0.0 0.2977924048900604
1279 0.4986942410469055 0.3970775604248047
35 3.032831907272339 3.418738842010498
872 0.45153316855430603 0.30562883615493774
2350 0.5150917768478394 0.4227791726589203
219 2.309652328491211 0.4635998606681824
2166 0.5037714242935181 0.9662476778030396
801 2.1036834716796875 1.0324054956436157
2121 0.985548734664917 0.5633388161659241
2372 0.4309008717536926 0.2647528052330017
381 0.5524539351463318 0.3731215000152588
1518 0.5147234797477722 0.4236243665218353
1883 0.5925540924072266 0.5212552547454834
2214 0.9716436266899109 0.5632929801940918
2125 0.5670093894004822 0.39544302225112915
2227 0.3795092701911926 0.3304921090602875
2336 1.82464599609375 0.6751341819763184
1964 0.5724441409111023 0.39320334792137146
1914 0.5774696469306946 0.39922550320625305
2161 0.5274018049240112 0.38162440061569214
1131 0.07503560185432434 0.0
1111 0.010347254574298859 0.0
1096 0.056079111993312836 0.0
2329 8.658333778381348 3.7924187183380127
2388 7.711594104766846 3.5913288593292236
1704 1.9458000659942627 2.377455472946167
798 0.0 0.0
1561 0.5278943181037903 0.40545010566711426
1564 0.4382029175758362 0.3277851939201355
643 0.0 0.301398903131485
298 0.4501311779022217 0.4350925385951996
317 0.5217293500900269 0.9774659276008606
1139 0.5223577618598938 0.42305880784988403
2271 0.21288391947746277 0.2123369574546814
2068 0.0799107551574707 0.0
2379 0.5490193367004395 0.40734007954597473
320 0.4161701798439026 0.2949621081352234
565 0.0 0.4686436355113983
2341 0.13152645528316498 0.0
551 0.0 0.3017907440662384
897 1.6965653896331787 0.0
1556 0.7525566816329956 0.489156037569046
2318 0.4052734971046448 0.2855803370475769
2342 5.243669509887695 3.3054399490356445
2343 5.575197219848633 2.636335611343384
2370 1.8945162296295166 0.5565966963768005
1109 0.2300734519958496 0.0
1984 0.5331016778945923 0.4638115465641022
18 0.21340608596801758 0.15570446848869324
1894 0.7715535163879395 0.6015095114707947
2188 5.542035102844238 4.707249641418457
2208 3.0917961597442627 3.057265043258667
852 0.4806084930896759 0.31607574224472046
618 0.0 0.5940077304840088
2095 0.5253189206123352 0.4198622405529022
2082 1.2615113258361816 1.6562494039535522
2083 0.517261803150177 0.4222677946090698
690 2.011575222015381 0.8484785556793213
2332 0.5222213864326477 0.4210754334926605
1118 0.526836097240448 0.4213375747203827
726 1.958968162536621 0.8870376348495483
1557 0.5227567553520203 0.4139741063117981
1569 0.6913384199142456 0.4575144350528717
442 1.0159159898757935 0.577624499797821
522 0.655411958694458 0.4370269477367401
385 1.2342877388000488 2.3689115047454834
1913 0.5613036751747131 0.3925023674964905
867 0.5216853022575378 0.9898043870925903
1912 0.6913384199142456 0.4575144350528717
1536 0.5893568992614746 0.43499132990837097
1804 1.1462280750274658 2.185195207595825
33 0.32980582118034363 0.29134270548820496
72 2.211604356765747 3.4428396224975586
1189 3.086146354675293 3.616678237915039
1053 0.005109451711177826 0.0
1072 0.010347254574298859 0.0
1117 0.0 0.0
1034 0.0033114925026893616 0.0
1160 0.0 0.0
947 0.5535719394683838 0.3913706839084625
688 0.6325734853744507 0.43250808119773865
675 0.5925540924072266 0.5212552547454834
799 0.5189316272735596 0.5095874071121216
1147 0.5193879008293152 0.42365601658821106
2347 2.0219500064849854 0.2113543152809143
302 0.5189903974533081 0.42334115505218506
1595 0.3058212101459503 0.18055769801139832
2225 2.184821844100952 1.3053603172302246
306 2.932245969772339 1.0418729782104492
873 0.5074784755706787 0.9799988269805908
2260 0.571647047996521 0.4538758099079132
949 13.97490406036377 3.8922033309936523
752 0.16397833824157715 0.0
1775 0.1444244682788849 0.0
2079 2.0255134105682373 3.0406811237335205
2091 2.4111249446868896 1.8840683698654175
1747 0.14877831935882568 0.0
1720 0.13969188928604126 0.0
2338 0.6037387847900391 0.45325639843940735
959 0.6274393200874329 0.36168062686920166
1792 0.0 2.037368059158325
817 1.1593704223632812 2.0462114810943604
2289 1.1606390476226807 2.254248857498169
2299 1.985079288482666 2.3507349491119385
943 14.153708457946777 3.6244957447052
944 0.5299074053764343 0.4211982190608978
1001 0.5219360589981079 0.4556695520877838
2190 1.3017654418945312 1.2461742162704468
1035 0.6760828495025635 0.39943790435791016
1711 0.49737998843193054 0.933147668838501
1694 0.0 0.20302648842334747
1695 0.43947046995162964 0.28230708837509155
1697 0.5057852268218994 0.9455196857452393
1698 0.0 0.20676471292972565
1701 0.5062575936317444 0.9380396604537964
1702 0.38601788878440857 0.28727078437805176
1703 0.5029167532920837 0.9417271018028259
1705 0.6913384199142456 0.4575144350528717
1712 0.2858594059944153 0.4404236674308777
498 0.13960403203964233 0.0
499 0.11511512100696564 0.0
613 0.0 0.6603637933731079
2183 5.309697151184082 3.8150742053985596
2039 0.5250672698020935 0.4203107953071594
1949 0.5108766555786133 1.0030487775802612
1473 1.2356255054473877 0.6412118077278137
264 1.2104042768478394 2.2878215312957764
2258 1.8674519062042236 0.9494962692260742
2382 0.4500481188297272 0.5422418713569641
977 0.22801008820533752 0.0
1982 0.3927610516548157 0.0
1132 0.292133629322052 0.2928059697151184
486 0.947742223739624 0.45265519618988037
1715 9.3512544631958 1.5004228353500366
1917 0.4592532515525818 0.29146119952201843
1294 0.587056040763855 0.41600707173347473
615 0.0 0.7173880338668823
567 0.0 0.3054356575012207
550 3.3938281536102295 3.92151141166687
1943 1.566678524017334 1.0558103322982788
1437 3.545292854309082 5.011556148529053
274 0.14641326665878296 0.0
1355 0.5311345458030701 0.47305044531822205
206 1.1995971202850342 2.253592014312744
492 0.25150981545448303 0.18656817078590393
710 0.520494282245636 0.422941118478775
1133 0.0 0.0
197 0.5263092517852783 0.42222246527671814
1766 0.5237618684768677 0.4230857193470001
282 0.5248054265975952 0.4183821380138397
1339 0.4629327058792114 0.3106040954589844
1827 0.15062439441680908 0.0
1323 0.47104036808013916 0.31534895300865173
1368 0.5507311820983887 0.41077274084091187
474 1.590946078300476 0.15748190879821777
1706 0.5326183438301086 0.3434005677700043
108 3.2411506175994873 0.0
2129 0.6193958520889282 0.4544229805469513
1388 0.5925499200820923 0.4274742901325226
1142 0.4723626673221588 0.3592330515384674
1207 0.47866272926330566 0.341166615486145
1818 3.421952724456787 3.7668676376342773
1674 0.4962283968925476 0.33035558462142944
868 6.581963539123535 4.288462162017822
1833 0.4052397608757019 0.248465895652771
563 0.0 0.4755527675151825
1010 0.5204230546951294 0.9835116863250732
198 0.6760828495025635 0.39943790435791016
1911 0.13127529621124268 0.0
1904 0.38986870646476746 0.2830454409122467
1962 0.5920754671096802 0.4069909155368805
1963 0.5879772901535034 0.40517863631248474
86 0.5928971767425537 0.4086218774318695
115 0.5139452219009399 0.3900940716266632
2211 0.5458605885505676 0.3328852951526642
2276 1.3534939289093018 1.988451600074768
934 9.153504371643066 0.0
1496 0.0 0.0
2345 0.7017945051193237 0.49514779448509216
674 0.6482864022254944 1.2841585874557495
376 1.3036545515060425 0.2862498462200165
2128 0.6874971985816956 0.5032071471214294
1892 0.6760828495025635 0.39943790435791016
2277 3.499131917953491 1.0304803848266602
906 0.513762354850769 0.3997141420841217
1230 0.7029032111167908 0.5284775495529175
1366 0.45355871319770813 0.3132351040840149
1951 0.6148674488067627 0.4594661295413971
1790 2.3156559467315674 0.6321167945861816
532 0.9829267263412476 0.4145430028438568
1252 0.5960009098052979 0.4295791983604431
1906 0.11454759538173676 0.0
1958 0.09997324645519257 0.0
1905 0.11546418070793152 0.0
1908 0.12068121880292892 0.0
2059 0.5936698317527771 0.4064278304576874
377 3.04707407951355 3.254018783569336
1776 0.49512195587158203 1.436310887336731
616 0.0 0.5487629175186157
1759 3.437410593032837 3.7744903564453125
1950 0.0 0.0
1953 1.5508899688720703 1.0469647645950317
1954 0.0 0.0
1955 0.0 0.0
1956 0.0 0.0
1957 0.0 0.0
614 0.511033296585083 0.9895881414413452
1486 0.6226067543029785 0.4323568344116211
1778 0.4052397608757019 0.248465895652771
642 0.0 0.30401352047920227
635 0.4248499274253845 0.3144806921482086
2302 2.119279146194458 1.067240595817566
1952 0.5788833498954773 0.43521514534950256
1907 0.1522679626941681 0.0
876 0.2678505778312683 0.25633499026298523
502 0.5861598253250122 0.9716229438781738
946 2.1534955501556396 3.5435502529144287
1520 0.4955381453037262 0.37373772263526917
1336 0.7117459774017334 0.5323522686958313
1777 0.8465230464935303 0.6171941161155701
262 2.482818365097046 1.1407824754714966
1304 5.556344032287598 3.5621063709259033
1305 0.672092616558075 0.5036981701850891
368 0.4931230843067169 0.0
1768 3.5496671199798584 3.863187551498413
296 0.5616181492805481 0.3757718801498413
612 0.6076822280883789 0.329704225063324
1708 0.5461031198501587 0.36143752932548523
2262 0.5925540924072266 0.5212552547454834
880 0.13836568593978882 0.0
2378 0.6760828495025635 0.39943790435791016
778 3.532250165939331 1.173049807548523
192 0.13417211174964905 0.0
543 0.0 0.3407806158065796
2152 0.5144586563110352 0.9875581860542297
62 2.084139108657837 0.18288320302963257
2154 0.6913384199142456 0.4575144350528717
636 0.06697221845388412 0.427080899477005
2311 6.429394721984863 5.38606595993042
1038 0.4166712164878845 0.27602967619895935
2089 1.6930053234100342 1.171601414680481
2156 3.3972978591918945 3.3723855018615723
2212 0.4262203276157379 0.2916257977485657
2149 6.825562000274658 5.713432788848877
414 0.4949547350406647 0.0
716 6.814420223236084 3.1614277362823486
1542 1.9774653911590576 1.2085167169570923
2210 6.9625983238220215 5.789457321166992
1560 0.5803784728050232 0.39938461780548096
2346 0.5896369218826294 0.4065791964530945
152 0.7075251936912537 0.5628778338432312
2327 5.35091495513916 2.633582353591919
2173 1.1874589920043945 2.260061502456665
840 0.6760828495025635 0.39943790435791016
2137 0.5819206237792969 0.40049347281455994
