0 1.460384488105774 0.4978635609149933
1 1.5012859106063843 0.5367575883865356
2 1.4836812019348145 0.5219991207122803
3 1.416832685470581 0.44592270255088806
4 1.380297303199768 0.26672133803367615
5 1.4007341861724854 0.38376107811927795
6 1.378403902053833 0.3466423451900482
7 1.3800019025802612 0.4193975031375885
8 1.3615249395370483 0.348206102848053
9 1.3097851276397705 0.21585750579833984
10 1.2534946203231812 0.1450754702091217
11 1.1837661266326904 0.02764062210917473
12 1.0825715065002441 -0.056438349187374115
13 1.0577032566070557 -0.10920282453298569
14 1.0070436000823975 -0.28735533356666565
15 0.945587694644928 -0.2900402545928955
16 0.908186137676239 -0.35971778631210327
17 0.8648037314414978 -0.4668959379196167
18 0.8811290860176086 -0.4878568947315216
19 0.8278323411941528 -0.6092368364334106
20 0.8104519844055176 -0.6565780639648438
21 0.6168130040168762 -1.0999565124511719
22 0.5944619178771973 -1.0283786058425903
23 0.7321544885635376 -0.9289060831069946
24 0.6774178743362427 -1.1460366249084473
25 0.6982507705688477 -0.9947656393051147
26 0.6349495649337769 -1.144319772720337
27 0.6708466410636902 -0.9536494016647339
28 0.6387850642204285 -1.1092392206192017
29 0.700352132320404 -1.0390236377716064
