0 0.5929259657859802 0.4136987030506134
1 0.4489451050758362 0.6839489340782166
2 0.29568150639533997 0.5984755754470825
3 0.38216128945350647 0.761036217212677
4 -0.14887100458145142 0.7902011275291443
5 0.22977325320243835 -0.13222995400428772
6 0.18715760111808777 0.6216692328453064
7 0.2775041162967682 0.6233373880386353
8 0.5641527771949768 0.507449209690094
9 0.5144187211990356 -0.15405522286891937
10 0.794747531414032 0.6293302178382874
11 -0.20575793087482452 0.3911144733428955
12 -0.11523663252592087 0.6803306341171265
13 0.5984313488006592 0.03451598808169365
14 0.5558321475982666 -0.009746231138706207
15 0.173228919506073 0.3393462896347046
16 0.007973290048539639 0.5145082473754883
17 -0.08202821761369705 -0.026345189660787582
18 0.26655179262161255 0.7235467433929443
19 0.14612120389938354 0.15352629125118256
20 0.5446057915687561 0.19520173966884613
21 0.04670143127441406 0.6862925887107849
22 0.7500261664390564 0.004189387429505587
23 0.4769435226917267 0.20099703967571259
24 0.5683245658874512 0.6402758955955505
25 0.5708798170089722 0.040698710829019547
26 0.5123119354248047 0.013449450023472309
27 0.35014283657073975 0.26897376775741577
28 0.19984586536884308 0.43849101662635803
29 0.894668459892273 0.5231002569198608
