0 1.2357354164123535 0.9798282384872437
1 1.193688154220581 0.8628901243209839
2 1.1614856719970703 0.7703542709350586
3 1.1493231058120728 0.830406129360199
4 1.1753593683242798 0.7634459137916565
5 1.16604483127594 0.8399497866630554
6 1.1417254209518433 0.7976193428039551
7 1.14324152469635 0.8414060473442078
8 1.1364312171936035 0.7494103312492371
9 1.1614210605621338 0.7878226041793823
10 1.1364943981170654 0.5696417093276978
11 1.127281665802002 0.4203251004219055
12 1.100953459739685 0.4492039084434509
13 1.1096793413162231 0.2778109610080719
14 1.1036561727523804 0.12174797058105469
15 1.093731164932251 0.02695145457983017
16 1.0957056283950806 -0.03252414986491203
17 1.09742271900177 -0.0600556805729866
18 1.0924040079116821 -0.21580427885055542
19 1.1213839054107666 -0.26109176874160767
20 1.1157385110855103 -0.2898707091808319
21 1.1231788396835327 -0.6065744757652283
22 1.1326392889022827 -0.6383191347122192
23 1.1248042583465576 -0.5646135807037354
24 1.1687815189361572 -0.7013838887214661
25 1.1251015663146973 -0.5067121386528015
26 1.138024091720581 -0.6565822958946228
27 1.1482582092285156 -0.650837779045105
28 1.1545051336288452 -0.7097766399383545
29 1.1520652770996094 -0.5742281079292297
