0 1.6194700002670288 1.7636886835098267
1 1.5967198610305786 1.766835331916809
2 1.5962682962417603 1.7167127132415771
3 1.5904227495193481 1.7539491653442383
4 1.4697778224945068 1.7749688625335693
5 1.2464567422866821 1.8472261428833008
6 0.7252628803253174 1.588476538658142
7 0.46539437770843506 1.1869001388549805
8 0.2762865126132965 0.6897494792938232
9 0.0 0.3158520758152008
10 0.0 0.02755778282880783
11 0.06591740250587463 0.0
12 0.5788870453834534 0.0
13 0.006829456891864538 0.0
14 0.0 0.0
15 0.11695030331611633 0.0
16 0.0 0.4137347936630249
17 0.056027136743068695 0.0
18 0.1423504650592804 0.1664067804813385
19 0.0 0.0
20 0.0 0.0
21 0.0 0.0
22 0.0 0.0
23 0.0021003014408051968 0.0
24 0.007735860999673605 0.0
25 0.008714870549738407 0.0
26 0.004501183982938528 0.0
27 0.00961210671812296 0.0
28 0.001576326205395162 0.0
29 0.017350463196635246 0.0
