0 0.5400977730751038 -0.7801148295402527
1 0.5209224820137024 -0.7171614766120911
2 0.5198022723197937 -0.6576662063598633
3 0.4912879765033722 -0.6760580539703369
4 0.511646568775177 -0.5340230464935303
5 0.5660696029663086 -0.41759398579597473
6 0.5968908667564392 -0.08921216428279877
7 0.7298572659492493 0.2793136537075043
8 0.8568360209465027 0.45152437686920166
9 0.9618738889694214 0.5572457313537598
10 1.0205198526382446 0.617739737033844
11 1.1112934350967407 0.7243351936340332
12 1.1410627365112305 0.750556230545044
13 1.1874401569366455 0.7440087199211121
14 1.200919508934021 0.7866653203964233
15 1.2634387016296387 0.8321171998977661
16 1.3526945114135742 0.9605994820594788
17 1.366324543952942 0.9839600324630737
18 1.3471587896347046 0.9085907936096191
19 1.2447569370269775 0.8388000130653381
20 1.2166792154312134 -2.2874951362609863
21 1.1281529664993286 -2.0926456451416016
22 1.1514731645584106 -2.047635078430176
23 1.1676695346832275 -2.1071386337280273
24 1.0697472095489502 -1.6903847455978394
25 0.9922796487808228 -1.3885658979415894
26 0.9221948385238647 -0.7892293334007263
27 0.8725448250770569 -0.29544204473495483
28 1.3686070442199707 0.8920673727989197
29 1.2892029285430908 0.9076125025749207
